1535310978,s3-eth1,0.00,0.00,0.00,0,0,0.00,0.00,0.00,0,0,0.00,0.00,0,0
1535310978,s1-eth2,0.00,0.00,0.00,0,0,0.00,0.00,0.00,0,0,0.00,0.00,0,0
1535310978,s2-eth1,0.00,0.00,0.00,0,0,0.00,0.00,0.00,0,0,0.00,0.00,0,0
1535310978,lo,0.00,0.00,0.00,0,0,0.00,0.00,0.00,0,0,0.00,0.00,0,0
1535310978,s3-eth2,0.00,0.00,0.00,0,0,0.00,0.00,0.00,0,0,0.00,0.00,0,0
1535310978,s1-eth1,0.00,0.00,0.00,0,0,0.00,0.00,0.00,0,0,0.00,0.00,0,0
1535310978,s2-eth2,0.00,0.00,0.00,0,0,0.00,0.00,0.00,0,0,0.00,0.00,0,0
1535310978,eth1,0.00,0.00,0.00,0,0,0.00,0.00,0.00,0,0,0.00,0.00,0,0
1535310978,eth0,0.00,0.00,0.00,0,0,0.00,0.00,0.00,0,0,0.00,0.00,0,0
1535310978,total,0.00,0.00,0.00,0,0,0.00,0.00,0.00,0,0,0.00,0.00,0,0
1535310979,s3-eth1,5027200.00,48246.00,5075446.00,48246,5027200,764.00,731.00,1495.00,731,764,0.00,0.00,0,0
1535310979,s1-eth2,48774.00,4961446.00,5010220.00,4961446,48774,739.00,755.00,1494.00,755,739,0.00,0.00,0,0
1535310979,s2-eth1,4961446.00,48774.00,5010220.00,48774,4961446,755.00,739.00,1494.00,739,755,0.00,0.00,0,0
1535310979,lo,0.00,0.00,0.00,0,0,0.00,0.00,0.00,0,0,0.00,0.00,0,0
1535310979,s3-eth2,47652.00,5092954.00,5140606.00,5092954,47652,722.00,773.00,1495.00,773,722,0.00,0.00,0,0
1535310979,s1-eth1,4929656.00,49368.00,4979024.00,49368,4929656,756.00,748.00,1504.00,748,756,0.00,0.00,0,0
1535310979,s2-eth2,48246.00,5027200.00,5075446.00,5027200,48246,731.00,764.00,1495.00,764,731,0.00,0.00,0,0
1535310979,eth1,0.00,0.00,0.00,0,0,0.00,0.00,0.00,0,0,0.00,0.00,0,0
1535310979,eth0,90.00,90.00,180.00,90,90,1.00,1.00,2.00,1,1,0.00,0.00,0,0
1535310979,total,15063064.00,15228078.00,30291142.00,15228078,15063064,4468.00,4511.00,8979.00,4511,4468,0.00,0.00,0,0
1535310980,s3-eth1,6027450.00,54384.00,6081834.00,54384,6027450,825.00,824.00,1649.00,824,825,0.00,0.00,0,0
1535310980,s1-eth2,54450.00,6027450.00,6081900.00,6027450,54450,825.00,825.00,1650.00,825,825,0.00,0.00,0,0
1535310980,s2-eth1,6027450.00,54450.00,6081900.00,54450,6027450,825.00,825.00,1650.00,825,825,0.00,0.00,0,0
1535310980,lo,0.00,0.00,0.00,0,0,0.00,0.00,0.00,0,0,0.00,0.00,0,0
1535310980,s3-eth2,54450.00,6027450.00,6081900.00,6027450,54450,825.00,825.00,1650.00,825,825,0.00,0.00,0,0
1535310980,s1-eth1,6020144.00,54384.00,6074528.00,54384,6020144,824.00,824.00,1648.00,824,824,0.00,0.00,0,0
1535310980,s2-eth2,54384.00,6027450.00,6081834.00,6027450,54384,824.00,825.00,1649.00,825,824,0.00,0.00,0,0
1535310980,eth1,0.00,0.00,0.00,0,0,0.00,0.00,0.00,0,0,0.00,0.00,0,0
1535310980,eth0,90.00,90.00,180.00,90,90,1.00,1.00,2.00,1,1,0.00,0.00,0,0
1535310980,total,18238418.00,18245658.00,36484076.00,18245658,18238418,4949.00,4949.00,9898.00,4949,4949,0.00,0.00,0,0
1535310981,s3-eth1,6020144.00,54384.00,6074528.00,54384,6020144,824.00,824.00,1648.00,824,824,0.00,0.00,0,0
1535310981,s1-eth2,54318.00,6020144.00,6074462.00,6020144,54318,823.00,824.00,1647.00,824,823,0.00,0.00,0,0
1535310981,s2-eth1,6020144.00,54318.00,6074462.00,54318,6020144,824.00,823.00,1647.00,823,824,0.00,0.00,0,0
1535310981,lo,0.00,0.00,0.00,0,0,0.00,0.00,0.00,0,0,0.00,0.00,0,0
1535310981,s3-eth2,54384.00,6020144.00,6074528.00,6020144,54384,824.00,824.00,1648.00,824,824,0.00,0.00,0,0
1535310981,s1-eth1,6020144.00,54384.00,6074528.00,54384,6020144,824.00,824.00,1648.00,824,824,0.00,0.00,0,0
1535310981,s2-eth2,54384.00,6020144.00,6074528.00,6020144,54384,824.00,824.00,1648.00,824,824,0.00,0.00,0,0
1535310981,eth1,0.00,0.00,0.00,0,0,0.00,0.00,0.00,0,0,0.00,0.00,0,0
1535310981,eth0,0.00,0.00,0.00,0,0,0.00,0.00,0.00,0,0,0.00,0.00,0,0
1535310981,total,18223518.00,18223518.00,36447036.00,18223518,18223518,4943.00,4943.00,9886.00,4943,4943,0.00,0.00,0,0
1535310982,s3-eth1,6005532.00,54252.00,6059784.00,54252,6005532,822.00,822.00,1644.00,822,822,0.00,0.00,0,0
1535310982,s1-eth2,54252.00,6005532.00,6059784.00,6005532,54252,822.00,822.00,1644.00,822,822,0.00,0.00,0,0
1535310982,s2-eth1,6005532.00,54252.00,6059784.00,54252,6005532,822.00,822.00,1644.00,822,822,0.00,0.00,0,0
1535310982,lo,0.00,0.00,0.00,0,0,0.00,0.00,0.00,0,0,0.00,0.00,0,0
1535310982,s3-eth2,54186.00,6005532.00,6059718.00,6005532,54186,821.00,822.00,1643.00,822,821,0.00,0.00,0,0
1535310982,s1-eth1,6005532.00,54252.00,6059784.00,54252,6005532,822.00,822.00,1644.00,822,822,0.00,0.00,0,0
1535310982,s2-eth2,54252.00,6005532.00,6059784.00,6005532,54252,822.00,822.00,1644.00,822,822,0.00,0.00,0,0
1535310982,eth1,0.00,0.00,0.00,0,0,0.00,0.00,0.00,0,0,0.00,0.00,0,0
1535310982,eth0,90.00,90.00,180.00,90,90,1.00,1.00,2.00,1,1,0.00,0.00,0,0
1535310982,total,18179376.00,18179442.00,36358816.00,18179442,18179376,4932.00,4933.00,9865.00,4933,4932,0.00,0.00,0,0
1535310983,s3-eth1,6019920.00,65868.00,6085788.00,65868,6019920,1040.00,998.00,2038.00,998,1040,0.00,0.00,0,0
1535310983,s1-eth2,66330.00,6019524.00,6085854.00,6019524,66330,1005.00,1034.00,2039.00,1034,1005,0.00,0.00,0,0
1535310983,s2-eth1,6019524.00,66330.00,6085854.00,66330,6019524,1034.00,1005.00,2039.00,1005,1034,0.00,0.00,0,0
1535310983,lo,516.00,516.00,1032.00,516,516,9.00,9.00,18.00,9,9,0.00,0.00,0,0
1535310983,s3-eth2,65538.00,6020316.00,6085854.00,6020316,65538,993.00,1046.00,2039.00,1046,993,0.00,0.00,0,0
1535310983,s1-eth1,6019128.00,66726.00,6085854.00,66726,6019128,1028.00,1011.00,2039.00,1011,1028,0.00,0.00,0,0
1535310983,s2-eth2,65868.00,6019920.00,6085788.00,6019920,65868,998.00,1040.00,2038.00,1040,998,0.00,0.00,0,0
1535310983,eth1,0.00,0.00,0.00,0,0,0.00,0.00,0.00,0,0,0.00,0.00,0,0
1535310983,eth0,0.00,0.00,0.00,0,0,0.00,0.00,0.00,0,0,0.00,0.00,0,0
1535310983,total,18256824.00,18259200.00,36516024.00,18259200,18256824,6107.00,6143.00,12250.00,6143,6107,0.00,0.00,0,0
1535310984,s3-eth1,6015786.00,69432.00,6085218.00,69432,6015786,1109.00,1052.00,2161.00,1052,1109,0.00,0.00,0,0
1535310984,s1-eth2,69102.00,6015984.00,6085086.00,6015984,69102,1047.00,1112.00,2159.00,1112,1047,0.00,0.00,0,0
1535310984,s2-eth1,6015984.00,69102.00,6085086.00,69102,6015984,1112.00,1047.00,2159.00,1047,1112,0.00,0.00,0,0
1535310984,lo,0.00,0.00,0.00,0,0,0.00,0.00,0.00,0,0,0.00,0.00,0,0
1535310984,s3-eth2,69696.00,6015588.00,6085284.00,6015588,69696,1056.00,1106.00,2162.00,1106,1056,0.00,0.00,0,0
1535310984,s1-eth1,6010324.00,68772.00,6079096.00,68772,6010324,1114.00,1042.00,2156.00,1042,1114,0.00,0.00,0,0
1535310984,s2-eth2,69432.00,6015786.00,6085218.00,6015786,69432,1052.00,1109.00,2161.00,1109,1052,0.00,0.00,0,0
1535310984,eth1,0.00,0.00,0.00,0,0,0.00,0.00,0.00,0,0,0.00,0.00,0,0
1535310984,eth0,0.00,0.00,0.00,0,0,0.00,0.00,0.00,0,0,0.00,0.00,0,0
1535310984,total,18250324.00,18254664.00,36504988.00,18254664,18250324,6490.00,6468.00,12958.00,6468,6490,0.00,0.00,0,0
1535310985,s3-eth1,6001632.00,66000.00,6067632.00,66000,6001632,1092.00,1000.00,2092.00,1000,1092,0.00,0.00,0,0
1535310985,s1-eth2,66000.00,6001632.00,6067632.00,6001632,66000,1000.00,1092.00,2092.00,1092,1000,0.00,0.00,0,0
1535310985,s2-eth1,6001632.00,66000.00,6067632.00,66000,6001632,1092.00,1000.00,2092.00,1000,1092,0.00,0.00,0,0
1535310985,lo,0.00,0.00,0.00,0,0,0.00,0.00,0.00,0,0,0.00,0.00,0,0
1535310985,s3-eth2,66000.00,6001632.00,6067632.00,6001632,66000,1000.00,1092.00,2092.00,1092,1000,0.00,0.00,0,0
1535310985,s1-eth1,6001632.00,66000.00,6067632.00,66000,6001632,1092.00,1000.00,2092.00,1000,1092,0.00,0.00,0,0
1535310985,s2-eth2,66000.00,6001632.00,6067632.00,6001632,66000,1000.00,1092.00,2092.00,1092,1000,0.00,0.00,0,0
1535310985,eth1,0.00,0.00,0.00,0,0,0.00,0.00,0.00,0,0,0.00,0.00,0,0
1535310985,eth0,0.00,0.00,0.00,0,0,0.00,0.00,0.00,0,0,0.00,0.00,0,0
1535310985,total,18202896.00,18202896.00,36405792.00,18202896,18202896,6276.00,6276.00,12552.00,6276,6276,0.00,0.00,0,0
1535310986,s3-eth1,6007490.00,66330.00,6073820.00,66330,6007490,1093.00,1005.00,2098.00,1005,1093,0.00,0.00,0,0
1535310986,s1-eth2,66330.00,6007490.00,6073820.00,6007490,66330,1005.00,1093.00,2098.00,1093,1005,0.00,0.00,0,0
1535310986,s2-eth1,6007490.00,66330.00,6073820.00,66330,6007490,1093.00,1005.00,2098.00,1005,1093,0.00,0.00,0,0
1535310986,lo,0.00,0.00,0.00,0,0,0.00,0.00,0.00,0,0,0.00,0.00,0,0
1535310986,s3-eth2,66330.00,6007490.00,6073820.00,6007490,66330,1005.00,1093.00,2098.00,1093,1005,0.00,0.00,0,0
1535310986,s1-eth1,6007490.00,66330.00,6073820.00,66330,6007490,1093.00,1005.00,2098.00,1005,1093,0.00,0.00,0,0
1535310986,s2-eth2,66330.00,6007490.00,6073820.00,6007490,66330,1005.00,1093.00,2098.00,1093,1005,0.00,0.00,0,0
1535310986,eth1,0.00,0.00,0.00,0,0,0.00,0.00,0.00,0,0,0.00,0.00,0,0
1535310986,eth0,90.00,90.00,180.00,90,90,1.00,1.00,2.00,1,1,0.00,0.00,0,0
1535310986,total,18221550.00,18221550.00,36443100.00,18221550,18221550,6295.00,6295.00,12590.00,6295,6295,0.00,0.00,0,0
1535310987,s3-eth1,6019206.00,66264.00,6085470.00,66264,6019206,1095.00,1004.00,2099.00,1004,1095,0.00,0.00,0,0
1535310987,s1-eth2,66264.00,6019206.00,6085470.00,6019206,66264,1004.00,1095.00,2099.00,1095,1004,0.00,0.00,0,0
1535310987,s2-eth1,6019206.00,66264.00,6085470.00,66264,6019206,1095.00,1004.00,2099.00,1004,1095,0.00,0.00,0,0
1535310987,lo,0.00,0.00,0.00,0,0,0.00,0.00,0.00,0,0,0.00,0.00,0,0
1535310987,s3-eth2,66264.00,6019206.00,6085470.00,6019206,66264,1004.00,1095.00,2099.00,1095,1004,0.00,0.00,0,0
1535310987,s1-eth1,6019206.00,66330.00,6085536.00,66330,6019206,1095.00,1005.00,2100.00,1005,1095,0.00,0.00,0,0
1535310987,s2-eth2,66264.00,6019206.00,6085470.00,6019206,66264,1004.00,1095.00,2099.00,1095,1004,0.00,0.00,0,0
1535310987,eth1,0.00,0.00,0.00,0,0,0.00,0.00,0.00,0,0,0.00,0.00,0,0
1535310987,eth0,0.00,0.00,0.00,0,0,0.00,0.00,0.00,0,0,0.00,0.00,0,0
1535310987,total,18256410.00,18256476.00,36512888.00,18256476,18256410,6297.00,6298.00,12595.00,6298,6297,0.00,0.00,0,0
1535310988,s3-eth1,5989916.00,66000.00,6055916.00,66000,5989916,1090.00,1000.00,2090.00,1000,1090,0.00,0.00,0,0
1535310988,s1-eth2,66000.00,5989916.00,6055916.00,5989916,66000,1000.00,1090.00,2090.00,1090,1000,0.00,0.00,0,0
1535310988,s2-eth1,5989916.00,66000.00,6055916.00,66000,5989916,1090.00,1000.00,2090.00,1000,1090,0.00,0.00,0,0
1535310988,lo,516.00,516.00,1032.00,516,516,9.00,9.00,18.00,9,9,0.00,0.00,0,0
1535310988,s3-eth2,65934.00,5989916.00,6055850.00,5989916,65934,999.00,1090.00,2089.00,1090,999,0.00,0.00,0,0
1535310988,s1-eth1,5989916.00,65934.00,6055850.00,65934,5989916,1090.00,999.00,2089.00,999,1090,0.00,0.00,0,0
1535310988,s2-eth2,66000.00,5989916.00,6055916.00,5989916,66000,1000.00,1090.00,2090.00,1090,1000,0.00,0.00,0,0
1535310988,eth1,0.00,0.00,0.00,0,0,0.00,0.00,0.00,0,0,0.00,0.00,0,0
1535310988,eth0,0.00,0.00,0.00,0,0,0.00,0.00,0.00,0,0,0.00,0.00,0,0
1535310988,total,18168198.00,18168198.00,36336396.00,18168198,18168198,6278.00,6278.00,12556.00,6278,6278,0.00,0.00,0,0
1535310989,s3-eth1,6007490.00,66198.00,6073688.00,66198,6007490,1093.00,1003.00,2096.00,1003,1093,0.00,0.00,0,0
1535310989,s1-eth2,66198.00,6007490.00,6073688.00,6007490,66198,1003.00,1093.00,2096.00,1093,1003,0.00,0.00,0,0
1535310989,s2-eth1,6007490.00,66198.00,6073688.00,66198,6007490,1093.00,1003.00,2096.00,1003,1093,0.00,0.00,0,0
1535310989,lo,0.00,0.00,0.00,0,0,0.00,0.00,0.00,0,0,0.00,0.00,0,0
1535310989,s3-eth2,66198.00,6007490.00,6073688.00,6007490,66198,1003.00,1093.00,2096.00,1093,1003,0.00,0.00,0,0
1535310989,s1-eth1,6007490.00,66198.00,6073688.00,66198,6007490,1093.00,1003.00,2096.00,1003,1093,0.00,0.00,0,0
1535310989,s2-eth2,66198.00,6007490.00,6073688.00,6007490,66198,1003.00,1093.00,2096.00,1093,1003,0.00,0.00,0,0
1535310989,eth1,0.00,0.00,0.00,0,0,0.00,0.00,0.00,0,0,0.00,0.00,0,0
1535310989,eth0,0.00,0.00,0.00,0,0,0.00,0.00,0.00,0,0,0.00,0.00,0,0
1535310989,total,18221064.00,18221064.00,36442128.00,18221064,18221064,6288.00,6288.00,12576.00,6288,6288,0.00,0.00,0,0
1535310990,s3-eth1,6013348.00,66198.00,6079546.00,66198,6013348,1094.00,1003.00,2097.00,1003,1094,0.00,0.00,0,0
1535310990,s1-eth2,66198.00,6013348.00,6079546.00,6013348,66198,1003.00,1094.00,2097.00,1094,1003,0.00,0.00,0,0
1535310990,s2-eth1,6013348.00,66198.00,6079546.00,66198,6013348,1094.00,1003.00,2097.00,1003,1094,0.00,0.00,0,0
1535310990,lo,0.00,0.00,0.00,0,0,0.00,0.00,0.00,0,0,0.00,0.00,0,0
1535310990,s3-eth2,66264.00,6013348.00,6079612.00,6013348,66264,1004.00,1094.00,2098.00,1094,1004,0.00,0.00,0,0
1535310990,s1-eth1,6013348.00,66198.00,6079546.00,66198,6013348,1094.00,1003.00,2097.00,1003,1094,0.00,0.00,0,0
1535310990,s2-eth2,66198.00,6013348.00,6079546.00,6013348,66198,1003.00,1094.00,2097.00,1094,1003,0.00,0.00,0,0
1535310990,eth1,0.00,0.00,0.00,0,0,0.00,0.00,0.00,0,0,0.00,0.00,0,0
1535310990,eth0,0.00,0.00,0.00,0,0,0.00,0.00,0.00,0,0,0.00,0.00,0,0
1535310990,total,18238704.00,18238638.00,36477344.00,18238638,18238704,6292.00,6291.00,12583.00,6291,6292,0.00,0.00,0,0
1535310991,s3-eth1,6032436.00,66396.00,6098832.00,66396,6032436,1098.00,1006.00,2104.00,1006,1098,0.00,0.00,0,0
1535310991,s1-eth2,66396.00,6032436.00,6098832.00,6032436,66396,1006.00,1098.00,2104.00,1098,1006,0.00,0.00,0,0
1535310991,s2-eth1,6032436.00,66396.00,6098832.00,66396,6032436,1098.00,1006.00,2104.00,1006,1098,0.00,0.00,0,0
1535310991,lo,0.00,0.00,0.00,0,0,0.00,0.00,0.00,0,0,0.00,0.00,0,0
1535310991,s3-eth2,66396.00,6032436.00,6098832.00,6032436,66396,1006.00,1098.00,2104.00,1098,1006,0.00,0.00,0,0
1535310991,s1-eth1,6032436.00,66396.00,6098832.00,66396,6032436,1098.00,1006.00,2104.00,1006,1098,0.00,0.00,0,0
1535310991,s2-eth2,66396.00,6032436.00,6098832.00,6032436,66396,1006.00,1098.00,2104.00,1098,1006,0.00,0.00,0,0
1535310991,eth1,0.00,0.00,0.00,0,0,0.00,0.00,0.00,0,0,0.00,0.00,0,0
1535310991,eth0,0.00,0.00,0.00,0,0,0.00,0.00,0.00,0,0,0.00,0.00,0,0
1535310991,total,18296496.00,18296496.00,36592992.00,18296496,18296496,6312.00,6312.00,12624.00,6312,6312,0.00,0.00,0,0
1535310992,s3-eth1,6019206.00,66198.00,6085404.00,66198,6019206,1095.00,1003.00,2098.00,1003,1095,0.00,0.00,0,0
1535310992,s1-eth2,66264.00,6019206.00,6085470.00,6019206,66264,1004.00,1095.00,2099.00,1095,1004,0.00,0.00,0,0
1535310992,s2-eth1,6019206.00,66264.00,6085470.00,66264,6019206,1095.00,1004.00,2099.00,1004,1095,0.00,0.00,0,0
1535310992,lo,0.00,0.00,0.00,0,0,0.00,0.00,0.00,0,0,0.00,0.00,0,0
1535310992,s3-eth2,66198.00,6019206.00,6085404.00,6019206,66198,1003.00,1095.00,2098.00,1095,1003,0.00,0.00,0,0
1535310992,s1-eth1,6019206.00,66264.00,6085470.00,66264,6019206,1095.00,1004.00,2099.00,1004,1095,0.00,0.00,0,0
1535310992,s2-eth2,66198.00,6019206.00,6085404.00,6019206,66198,1003.00,1095.00,2098.00,1095,1003,0.00,0.00,0,0
1535310992,eth1,0.00,0.00,0.00,0,0,0.00,0.00,0.00,0,0,0.00,0.00,0,0
1535310992,eth0,0.00,0.00,0.00,0,0,0.00,0.00,0.00,0,0,0.00,0.00,0,0
1535310992,total,18256278.00,18256344.00,36512624.00,18256344,18256278,6295.00,6296.00,12591.00,6296,6295,0.00,0.00,0,0
1535310993,s3-eth1,6007490.00,66198.00,6073688.00,66198,6007490,1093.00,1003.00,2096.00,1003,1093,0.00,0.00,0,0
1535310993,s1-eth2,66132.00,6007490.00,6073622.00,6007490,66132,1002.00,1093.00,2095.00,1093,1002,0.00,0.00,0,0
1535310993,s2-eth1,6007490.00,66132.00,6073622.00,66132,6007490,1093.00,1002.00,2095.00,1002,1093,0.00,0.00,0,0
1535310993,lo,516.00,516.00,1032.00,516,516,9.00,9.00,18.00,9,9,0.00,0.00,0,0
1535310993,s3-eth2,66132.00,6007490.00,6073622.00,6007490,66132,1002.00,1093.00,2095.00,1093,1002,0.00,0.00,0,0
1535310993,s1-eth1,6007490.00,66132.00,6073622.00,66132,6007490,1093.00,1002.00,2095.00,1002,1093,0.00,0.00,0,0
1535310993,s2-eth2,66198.00,6007490.00,6073688.00,6007490,66198,1003.00,1093.00,2096.00,1093,1003,0.00,0.00,0,0
1535310993,eth1,0.00,0.00,0.00,0,0,0.00,0.00,0.00,0,0,0.00,0.00,0,0
1535310993,eth0,0.00,0.00,0.00,0,0,0.00,0.00,0.00,0,0,0.00,0.00,0,0
1535310993,total,18221448.00,18221448.00,36442896.00,18221448,18221448,6295.00,6295.00,12590.00,6295,6295,0.00,0.00,0,0
1535310994,s3-eth1,6013348.00,66198.00,6079546.00,66198,6013348,1094.00,1003.00,2097.00,1003,1094,0.00,0.00,0,0
1535310994,s1-eth2,66264.00,6013348.00,6079612.00,6013348,66264,1004.00,1094.00,2098.00,1094,1004,0.00,0.00,0,0
1535310994,s2-eth1,6013348.00,66264.00,6079612.00,66264,6013348,1094.00,1004.00,2098.00,1004,1094,0.00,0.00,0,0
1535310994,lo,0.00,0.00,0.00,0,0,0.00,0.00,0.00,0,0,0.00,0.00,0,0
1535310994,s3-eth2,66264.00,6013348.00,6079612.00,6013348,66264,1004.00,1094.00,2098.00,1094,1004,0.00,0.00,0,0
1535310994,s1-eth1,6013348.00,66264.00,6079612.00,66264,6013348,1094.00,1004.00,2098.00,1004,1094,0.00,0.00,0,0
1535310994,s2-eth2,66198.00,6013348.00,6079546.00,6013348,66198,1003.00,1094.00,2097.00,1094,1003,0.00,0.00,0,0
1535310994,eth1,0.00,0.00,0.00,0,0,0.00,0.00,0.00,0,0,0.00,0.00,0,0
1535310994,eth0,0.00,0.00,0.00,0,0,0.00,0.00,0.00,0,0,0.00,0.00,0,0
1535310994,total,18238770.00,18238770.00,36477540.00,18238770,18238770,6293.00,6293.00,12586.00,6293,6293,0.00,0.00,0,0
1535310995,s3-eth1,6014862.00,66198.00,6081060.00,66198,6014862,1095.00,1003.00,2098.00,1003,1095,0.00,0.00,0,0
1535310995,s1-eth2,66198.00,6014862.00,6081060.00,6014862,66198,1003.00,1095.00,2098.00,1095,1003,0.00,0.00,0,0
1535310995,s2-eth1,6014862.00,66198.00,6081060.00,66198,6014862,1095.00,1003.00,2098.00,1003,1095,0.00,0.00,0,0
1535310995,lo,0.00,0.00,0.00,0,0,0.00,0.00,0.00,0,0,0.00,0.00,0,0
1535310995,s3-eth2,66198.00,6014862.00,6081060.00,6014862,66198,1003.00,1095.00,2098.00,1095,1003,0.00,0.00,0,0
1535310995,s1-eth1,6014862.00,66198.00,6081060.00,66198,6014862,1095.00,1003.00,2098.00,1003,1095,0.00,0.00,0,0
1535310995,s2-eth2,66198.00,6014862.00,6081060.00,6014862,66198,1003.00,1095.00,2098.00,1095,1003,0.00,0.00,0,0
1535310995,eth1,0.00,0.00,0.00,0,0,0.00,0.00,0.00,0,0,0.00,0.00,0,0
1535310995,eth0,0.00,0.00,0.00,0,0,0.00,0.00,0.00,0,0,0.00,0.00,0,0
1535310995,total,18243180.00,18243180.00,36486360.00,18243180,18243180,6294.00,6294.00,12588.00,6294,6294,0.00,0.00,0,0
1535310996,s3-eth1,6025064.00,66396.00,6091460.00,66396,6025064,1096.00,1006.00,2102.00,1006,1096,0.00,0.00,0,0
1535310996,s1-eth2,66330.00,6025064.00,6091394.00,6025064,66330,1005.00,1096.00,2101.00,1096,1005,0.00,0.00,0,0
1535310996,s2-eth1,6025064.00,66330.00,6091394.00,66330,6025064,1096.00,1005.00,2101.00,1005,1096,0.00,0.00,0,0
1535310996,lo,0.00,0.00,0.00,0,0,0.00,0.00,0.00,0,0,0.00,0.00,0,0
1535310996,s3-eth2,66330.00,6025064.00,6091394.00,6025064,66330,1005.00,1096.00,2101.00,1096,1005,0.00,0.00,0,0
1535310996,s1-eth1,6025064.00,66330.00,6091394.00,66330,6025064,1096.00,1005.00,2101.00,1005,1096,0.00,0.00,0,0
1535310996,s2-eth2,66396.00,6025064.00,6091460.00,6025064,66396,1006.00,1096.00,2102.00,1096,1006,0.00,0.00,0,0
1535310996,eth1,0.00,0.00,0.00,0,0,0.00,0.00,0.00,0,0,0.00,0.00,0,0
1535310996,eth0,0.00,0.00,0.00,0,0,0.00,0.00,0.00,0,0,0.00,0.00,0,0
1535310996,total,18274248.00,18274248.00,36548496.00,18274248,18274248,6304.00,6304.00,12608.00,6304,6304,0.00,0.00,0,0
1535310997,s3-eth1,6025064.00,66264.00,6091328.00,66264,6025064,1096.00,1004.00,2100.00,1004,1096,0.00,0.00,0,0
1535310997,s1-eth2,66264.00,6025064.00,6091328.00,6025064,66264,1004.00,1096.00,2100.00,1096,1004,0.00,0.00,0,0
1535310997,s2-eth1,6025064.00,66264.00,6091328.00,66264,6025064,1096.00,1004.00,2100.00,1004,1096,0.00,0.00,0,0
1535310997,lo,0.00,0.00,0.00,0,0,0.00,0.00,0.00,0,0,0.00,0.00,0,0
1535310997,s3-eth2,66330.00,6025064.00,6091394.00,6025064,66330,1005.00,1096.00,2101.00,1096,1005,0.00,0.00,0,0
1535310997,s1-eth1,6025064.00,66330.00,6091394.00,66330,6025064,1096.00,1005.00,2101.00,1005,1096,0.00,0.00,0,0
1535310997,s2-eth2,66264.00,6025064.00,6091328.00,6025064,66264,1004.00,1096.00,2100.00,1096,1004,0.00,0.00,0,0
1535310997,eth1,0.00,0.00,0.00,0,0,0.00,0.00,0.00,0,0,0.00,0.00,0,0
1535310997,eth0,0.00,0.00,0.00,0,0,0.00,0.00,0.00,0,0,0.00,0.00,0,0
1535310997,total,18274050.00,18274050.00,36548100.00,18274050,18274050,6301.00,6301.00,12602.00,6301,6301,0.00,0.00,0,0
1535310998,s3-eth1,6032436.00,66396.00,6098832.00,66396,6032436,1098.00,1006.00,2104.00,1006,1098,0.00,0.00,0,0
1535310998,s1-eth2,66396.00,6032436.00,6098832.00,6032436,66396,1006.00,1098.00,2104.00,1098,1006,0.00,0.00,0,0
1535310998,s2-eth1,6032436.00,66396.00,6098832.00,66396,6032436,1098.00,1006.00,2104.00,1006,1098,0.00,0.00,0,0
1535310998,lo,516.00,516.00,1032.00,516,516,9.00,9.00,18.00,9,9,0.00,0.00,0,0
1535310998,s3-eth2,66396.00,6032436.00,6098832.00,6032436,66396,1006.00,1098.00,2104.00,1098,1006,0.00,0.00,0,0
1535310998,s1-eth1,6032436.00,66330.00,6098766.00,66330,6032436,1098.00,1005.00,2103.00,1005,1098,0.00,0.00,0,0
1535310998,s2-eth2,66396.00,6032436.00,6098832.00,6032436,66396,1006.00,1098.00,2104.00,1098,1006,0.00,0.00,0,0
1535310998,eth1,0.00,0.00,0.00,0,0,0.00,0.00,0.00,0,0,0.00,0.00,0,0
1535310998,eth0,0.00,0.00,0.00,0,0,0.00,0.00,0.00,0,0,0.00,0.00,0,0
1535310998,total,18297012.00,18296946.00,36593960.00,18296946,18297012,6321.00,6320.00,12641.00,6320,6321,0.00,0.00,0,0
1535310999,s3-eth1,6013348.00,66264.00,6079612.00,66264,6013348,1094.00,1004.00,2098.00,1004,1094,0.00,0.00,0,0
1535310999,s1-eth2,66264.00,6013348.00,6079612.00,6013348,66264,1004.00,1094.00,2098.00,1094,1004,0.00,0.00,0,0
1535310999,s2-eth1,6013348.00,66264.00,6079612.00,66264,6013348,1094.00,1004.00,2098.00,1004,1094,0.00,0.00,0,0
1535310999,lo,0.00,0.00,0.00,0,0,0.00,0.00,0.00,0,0,0.00,0.00,0,0
1535310999,s3-eth2,66264.00,6013348.00,6079612.00,6013348,66264,1004.00,1094.00,2098.00,1094,1004,0.00,0.00,0,0
1535310999,s1-eth1,6013348.00,66264.00,6079612.00,66264,6013348,1094.00,1004.00,2098.00,1004,1094,0.00,0.00,0,0
1535310999,s2-eth2,66264.00,6013348.00,6079612.00,6013348,66264,1004.00,1094.00,2098.00,1094,1004,0.00,0.00,0,0
1535310999,eth1,0.00,0.00,0.00,0,0,0.00,0.00,0.00,0,0,0.00,0.00,0,0
1535310999,eth0,0.00,0.00,0.00,0,0,0.00,0.00,0.00,0,0,0.00,0.00,0,0
1535310999,total,18238836.00,18238836.00,36477672.00,18238836,18238836,6294.00,6294.00,12588.00,6294,6294,0.00,0.00,0,0
1535311000,s3-eth1,6022704.00,71280.00,6093984.00,71280,6022704,1148.00,1080.00,2228.00,1080,1148,0.00,0.00,0,0
1535311000,s1-eth2,71280.00,6022704.00,6093984.00,6022704,71280,1080.00,1148.00,2228.00,1148,1080,0.00,0.00,0,0
1535311000,s2-eth1,6022704.00,71280.00,6093984.00,71280,6022704,1148.00,1080.00,2228.00,1080,1148,0.00,0.00,0,0
1535311000,lo,0.00,0.00,0.00,0,0,0.00,0.00,0.00,0,0,0.00,0.00,0,0
1535311000,s3-eth2,71280.00,6022704.00,6093984.00,6022704,71280,1080.00,1148.00,2228.00,1148,1080,0.00,0.00,0,0
1535311000,s1-eth1,6022704.00,71280.00,6093984.00,71280,6022704,1148.00,1080.00,2228.00,1080,1148,0.00,0.00,0,0
1535311000,s2-eth2,71280.00,6022704.00,6093984.00,6022704,71280,1080.00,1148.00,2228.00,1148,1080,0.00,0.00,0,0
1535311000,eth1,0.00,0.00,0.00,0,0,0.00,0.00,0.00,0,0,0.00,0.00,0,0
1535311000,eth0,0.00,0.00,0.00,0,0,0.00,0.00,0.00,0,0,0.00,0.00,0,0
1535311000,total,18281952.00,18281952.00,36563904.00,18281952,18281952,6684.00,6684.00,13368.00,6684,6684,0.00,0.00,0,0
1535311001,s3-eth1,6001632.00,66066.00,6067698.00,66066,6001632,1092.00,1001.00,2093.00,1001,1092,0.00,0.00,0,0
1535311001,s1-eth2,66066.00,6001632.00,6067698.00,6001632,66066,1001.00,1092.00,2093.00,1092,1001,0.00,0.00,0,0
1535311001,s2-eth1,6001632.00,66066.00,6067698.00,66066,6001632,1092.00,1001.00,2093.00,1001,1092,0.00,0.00,0,0
1535311001,lo,0.00,0.00,0.00,0,0,0.00,0.00,0.00,0,0,0.00,0.00,0,0
1535311001,s3-eth2,66066.00,6001632.00,6067698.00,6001632,66066,1001.00,1092.00,2093.00,1092,1001,0.00,0.00,0,0
1535311001,s1-eth1,6001632.00,66066.00,6067698.00,66066,6001632,1092.00,1001.00,2093.00,1001,1092,0.00,0.00,0,0
1535311001,s2-eth2,66066.00,6001632.00,6067698.00,6001632,66066,1001.00,1092.00,2093.00,1092,1001,0.00,0.00,0,0
1535311001,eth1,0.00,0.00,0.00,0,0,0.00,0.00,0.00,0,0,0.00,0.00,0,0
1535311001,eth0,0.00,0.00,0.00,0,0,0.00,0.00,0.00,0,0,0.00,0.00,0,0
1535311001,total,18203094.00,18203094.00,36406188.00,18203094,18203094,6279.00,6279.00,12558.00,6279,6279,0.00,0.00,0,0
1535311002,s3-eth1,6001632.00,66132.00,6067764.00,66132,6001632,1092.00,1002.00,2094.00,1002,1092,0.00,0.00,0,0
1535311002,s1-eth2,66198.00,6001632.00,6067830.00,6001632,66198,1003.00,1092.00,2095.00,1092,1003,0.00,0.00,0,0
1535311002,s2-eth1,6001632.00,66198.00,6067830.00,66198,6001632,1092.00,1003.00,2095.00,1003,1092,0.00,0.00,0,0
1535311002,lo,0.00,0.00,0.00,0,0,0.00,0.00,0.00,0,0,0.00,0.00,0,0
1535311002,s3-eth2,66132.00,6001632.00,6067764.00,6001632,66132,1002.00,1092.00,2094.00,1092,1002,0.00,0.00,0,0
1535311002,s1-eth1,6007490.00,66198.00,6073688.00,66198,6007490,1093.00,1003.00,2096.00,1003,1093,0.00,0.00,0,0
1535311002,s2-eth2,66132.00,6001632.00,6067764.00,6001632,66132,1002.00,1092.00,2094.00,1092,1002,0.00,0.00,0,0
1535311002,eth1,0.00,0.00,0.00,0,0,0.00,0.00,0.00,0,0,0.00,0.00,0,0
1535311002,eth0,0.00,0.00,0.00,0,0,0.00,0.00,0.00,0,0,0.00,0.00,0,0
1535311002,total,18209216.00,18203424.00,36412640.00,18203424,18209216,6284.00,6284.00,12568.00,6284,6284,0.00,0.00,0,0
1535311003,s3-eth1,6007490.00,66132.00,6073622.00,66132,6007490,1093.00,1002.00,2095.00,1002,1093,0.00,0.00,0,0
1535311003,s1-eth2,66066.00,6007490.00,6073556.00,6007490,66066,1001.00,1093.00,2094.00,1093,1001,0.00,0.00,0,0
1535311003,s2-eth1,6007490.00,66066.00,6073556.00,66066,6007490,1093.00,1001.00,2094.00,1001,1093,0.00,0.00,0,0
1535311003,lo,516.00,516.00,1032.00,516,516,9.00,9.00,18.00,9,9,0.00,0.00,0,0
1535311003,s3-eth2,66066.00,6007490.00,6073556.00,6007490,66066,1001.00,1093.00,2094.00,1093,1001,0.00,0.00,0,0
1535311003,s1-eth1,6007490.00,66066.00,6073556.00,66066,6007490,1093.00,1001.00,2094.00,1001,1093,0.00,0.00,0,0
1535311003,s2-eth2,66132.00,6007490.00,6073622.00,6007490,66132,1002.00,1093.00,2095.00,1093,1002,0.00,0.00,0,0
1535311003,eth1,0.00,0.00,0.00,0,0,0.00,0.00,0.00,0,0,0.00,0.00,0,0
1535311003,eth0,0.00,0.00,0.00,0,0,0.00,0.00,0.00,0,0,0.00,0.00,0,0
1535311003,total,18221250.00,18221250.00,36442500.00,18221250,18221250,6292.00,6292.00,12584.00,6292,6292,0.00,0.00,0,0
1535311004,s3-eth1,6001632.00,66066.00,6067698.00,66066,6001632,1092.00,1001.00,2093.00,1001,1092,0.00,0.00,0,0
1535311004,s1-eth2,66066.00,6001632.00,6067698.00,6001632,66066,1001.00,1092.00,2093.00,1092,1001,0.00,0.00,0,0
1535311004,s2-eth1,6001632.00,66066.00,6067698.00,66066,6001632,1092.00,1001.00,2093.00,1001,1092,0.00,0.00,0,0
1535311004,lo,0.00,0.00,0.00,0,0,0.00,0.00,0.00,0,0,0.00,0.00,0,0
1535311004,s3-eth2,66132.00,6001632.00,6067764.00,6001632,66132,1002.00,1092.00,2094.00,1092,1002,0.00,0.00,0,0
1535311004,s1-eth1,6001632.00,66066.00,6067698.00,66066,6001632,1092.00,1001.00,2093.00,1001,1092,0.00,0.00,0,0
1535311004,s2-eth2,66066.00,6001632.00,6067698.00,6001632,66066,1001.00,1092.00,2093.00,1092,1001,0.00,0.00,0,0
1535311004,eth1,0.00,0.00,0.00,0,0,0.00,0.00,0.00,0,0,0.00,0.00,0,0
1535311004,eth0,0.00,0.00,0.00,0,0,0.00,0.00,0.00,0,0,0.00,0.00,0,0
1535311004,total,18203160.00,18203094.00,36406256.00,18203094,18203160,6280.00,6279.00,12559.00,6279,6280,0.00,0.00,0,0
1535311005,s3-eth1,6009004.00,66198.00,6075202.00,66198,6009004,1094.00,1003.00,2097.00,1003,1094,0.00,0.00,0,0
1535311005,s1-eth2,66198.00,6009004.00,6075202.00,6009004,66198,1003.00,1094.00,2097.00,1094,1003,0.00,0.00,0,0
1535311005,s2-eth1,6009004.00,66198.00,6075202.00,66198,6009004,1094.00,1003.00,2097.00,1003,1094,0.00,0.00,0,0
1535311005,lo,0.00,0.00,0.00,0,0,0.00,0.00,0.00,0,0,0.00,0.00,0,0
1535311005,s3-eth2,66198.00,6009004.00,6075202.00,6009004,66198,1003.00,1094.00,2097.00,1094,1003,0.00,0.00,0,0
1535311005,s1-eth1,6009004.00,66198.00,6075202.00,66198,6009004,1094.00,1003.00,2097.00,1003,1094,0.00,0.00,0,0
1535311005,s2-eth2,66198.00,6009004.00,6075202.00,6009004,66198,1003.00,1094.00,2097.00,1094,1003,0.00,0.00,0,0
1535311005,eth1,0.00,0.00,0.00,0,0,0.00,0.00,0.00,0,0,0.00,0.00,0,0
1535311005,eth0,0.00,0.00,0.00,0,0,0.00,0.00,0.00,0,0,0.00,0.00,0,0
1535311005,total,18225606.00,18225606.00,36451212.00,18225606,18225606,6291.00,6291.00,12582.00,6291,6291,0.00,0.00,0,0
1535311006,s3-eth1,6019206.00,66198.00,6085404.00,66198,6019206,1095.00,1003.00,2098.00,1003,1095,0.00,0.00,0,0
1535311006,s1-eth2,66198.00,6019206.00,6085404.00,6019206,66198,1003.00,1095.00,2098.00,1095,1003,0.00,0.00,0,0
1535311006,s2-eth1,6019206.00,66198.00,6085404.00,66198,6019206,1095.00,1003.00,2098.00,1003,1095,0.00,0.00,0,0
1535311006,lo,0.00,0.00,0.00,0,0,0.00,0.00,0.00,0,0,0.00,0.00,0,0
1535311006,s3-eth2,66198.00,6019206.00,6085404.00,6019206,66198,1003.00,1095.00,2098.00,1095,1003,0.00,0.00,0,0
1535311006,s1-eth1,6019206.00,66198.00,6085404.00,66198,6019206,1095.00,1003.00,2098.00,1003,1095,0.00,0.00,0,0
1535311006,s2-eth2,66198.00,6019206.00,6085404.00,6019206,66198,1003.00,1095.00,2098.00,1095,1003,0.00,0.00,0,0
1535311006,eth1,0.00,0.00,0.00,0,0,0.00,0.00,0.00,0,0,0.00,0.00,0,0
1535311006,eth0,0.00,0.00,0.00,0,0,0.00,0.00,0.00,0,0,0.00,0.00,0,0
1535311006,total,18256212.00,18256212.00,36512424.00,18256212,18256212,6294.00,6294.00,12588.00,6294,6294,0.00,0.00,0,0
1535311007,s3-eth1,6016780.00,71742.00,6088522.00,71742,6016780,1146.00,1087.00,2233.00,1087,1146,0.00,0.00,0,0
1535311007,s1-eth2,71742.00,6010922.00,6082664.00,6010922,71742,1087.00,1145.00,2232.00,1145,1087,0.00,0.00,0,0
1535311007,s2-eth1,6010922.00,71742.00,6082664.00,71742,6010922,1145.00,1087.00,2232.00,1087,1145,0.00,0.00,0,0
1535311007,lo,0.00,0.00,0.00,0,0,0.00,0.00,0.00,0,0,0.00,0.00,0,0
1535311007,s3-eth2,71742.00,6016780.00,6088522.00,6016780,71742,1087.00,1146.00,2233.00,1146,1087,0.00,0.00,0,0
1535311007,s1-eth1,6016780.00,71742.00,6088522.00,71742,6016780,1146.00,1087.00,2233.00,1087,1146,0.00,0.00,0,0
1535311007,s2-eth2,71742.00,6016780.00,6088522.00,6016780,71742,1087.00,1146.00,2233.00,1146,1087,0.00,0.00,0,0
1535311007,eth1,0.00,0.00,0.00,0,0,0.00,0.00,0.00,0,0,0.00,0.00,0,0
1535311007,eth0,0.00,0.00,0.00,0,0,0.00,0.00,0.00,0,0,0.00,0.00,0,0
1535311007,total,18259708.00,18259708.00,36519416.00,18259708,18259708,6698.00,6698.00,13396.00,6698,6698,0.00,0.00,0,0
1535311008,s3-eth1,6007490.00,66330.00,6073820.00,66330,6007490,1093.00,1005.00,2098.00,1005,1093,0.00,0.00,0,0
1535311008,s1-eth2,66330.00,6007490.00,6073820.00,6007490,66330,1005.00,1093.00,2098.00,1093,1005,0.00,0.00,0,0
1535311008,s2-eth1,6007490.00,66330.00,6073820.00,66330,6007490,1093.00,1005.00,2098.00,1005,1093,0.00,0.00,0,0
1535311008,lo,516.00,516.00,1032.00,516,516,9.00,9.00,18.00,9,9,0.00,0.00,0,0
1535311008,s3-eth2,66330.00,6007490.00,6073820.00,6007490,66330,1005.00,1093.00,2098.00,1093,1005,0.00,0.00,0,0
1535311008,s1-eth1,6007490.00,66330.00,6073820.00,66330,6007490,1093.00,1005.00,2098.00,1005,1093,0.00,0.00,0,0
1535311008,s2-eth2,66330.00,6007490.00,6073820.00,6007490,66330,1005.00,1093.00,2098.00,1093,1005,0.00,0.00,0,0
1535311008,eth1,0.00,0.00,0.00,0,0,0.00,0.00,0.00,0,0,0.00,0.00,0,0
1535311008,eth0,0.00,0.00,0.00,0,0,0.00,0.00,0.00,0,0,0.00,0.00,0,0
1535311008,total,18221976.00,18221976.00,36443952.00,18221976,18221976,6303.00,6303.00,12606.00,6303,6303,0.00,0.00,0,0
1535311009,s3-eth1,6013348.00,66198.00,6079546.00,66198,6013348,1094.00,1003.00,2097.00,1003,1094,0.00,0.00,0,0
1535311009,s1-eth2,66198.00,6013348.00,6079546.00,6013348,66198,1003.00,1094.00,2097.00,1094,1003,0.00,0.00,0,0
1535311009,s2-eth1,6013348.00,66198.00,6079546.00,66198,6013348,1094.00,1003.00,2097.00,1003,1094,0.00,0.00,0,0
1535311009,lo,0.00,0.00,0.00,0,0,0.00,0.00,0.00,0,0,0.00,0.00,0,0
1535311009,s3-eth2,66198.00,6013348.00,6079546.00,6013348,66198,1003.00,1094.00,2097.00,1094,1003,0.00,0.00,0,0
1535311009,s1-eth1,6013348.00,66198.00,6079546.00,66198,6013348,1094.00,1003.00,2097.00,1003,1094,0.00,0.00,0,0
1535311009,s2-eth2,66198.00,6013348.00,6079546.00,6013348,66198,1003.00,1094.00,2097.00,1094,1003,0.00,0.00,0,0
1535311009,eth1,0.00,0.00,0.00,0,0,0.00,0.00,0.00,0,0,0.00,0.00,0,0
1535311009,eth0,0.00,0.00,0.00,0,0,0.00,0.00,0.00,0,0,0.00,0.00,0,0
1535311009,total,18238638.00,18238638.00,36477276.00,18238638,18238638,6291.00,6291.00,12582.00,6291,6291,0.00,0.00,0,0
1535311010,s3-eth1,6013348.00,66066.00,6079414.00,66066,6013348,1094.00,1001.00,2095.00,1001,1094,0.00,0.00,0,0
1535311010,s1-eth2,66066.00,6013348.00,6079414.00,6013348,66066,1001.00,1094.00,2095.00,1094,1001,0.00,0.00,0,0
1535311010,s2-eth1,6013348.00,66066.00,6079414.00,66066,6013348,1094.00,1001.00,2095.00,1001,1094,0.00,0.00,0,0
1535311010,lo,0.00,0.00,0.00,0,0,0.00,0.00,0.00,0,0,0.00,0.00,0,0
1535311010,s3-eth2,66066.00,6013348.00,6079414.00,6013348,66066,1001.00,1094.00,2095.00,1094,1001,0.00,0.00,0,0
1535311010,s1-eth1,6007490.00,66066.00,6073556.00,66066,6007490,1093.00,1001.00,2094.00,1001,1093,0.00,0.00,0,0
1535311010,s2-eth2,66066.00,6013348.00,6079414.00,6013348,66066,1001.00,1094.00,2095.00,1094,1001,0.00,0.00,0,0
1535311010,eth1,0.00,0.00,0.00,0,0,0.00,0.00,0.00,0,0,0.00,0.00,0,0
1535311010,eth0,0.00,0.00,0.00,0,0,0.00,0.00,0.00,0,0,0.00,0.00,0,0
1535311010,total,18232384.00,18238242.00,36470624.00,18238242,18232384,6284.00,6285.00,12569.00,6285,6284,0.00,0.00,0,0
1535311011,s3-eth1,6007490.00,66132.00,6073622.00,66132,6007490,1093.00,1002.00,2095.00,1002,1093,0.00,0.00,0,0
1535311011,s1-eth2,66132.00,6007490.00,6073622.00,6007490,66132,1002.00,1093.00,2095.00,1093,1002,0.00,0.00,0,0
1535311011,s2-eth1,6007490.00,66132.00,6073622.00,66132,6007490,1093.00,1002.00,2095.00,1002,1093,0.00,0.00,0,0
1535311011,lo,0.00,0.00,0.00,0,0,0.00,0.00,0.00,0,0,0.00,0.00,0,0
1535311011,s3-eth2,66132.00,6007490.00,6073622.00,6007490,66132,1002.00,1093.00,2095.00,1093,1002,0.00,0.00,0,0
1535311011,s1-eth1,6007490.00,66198.00,6073688.00,66198,6007490,1093.00,1003.00,2096.00,1003,1093,0.00,0.00,0,0
1535311011,s2-eth2,66132.00,6007490.00,6073622.00,6007490,66132,1002.00,1093.00,2095.00,1093,1002,0.00,0.00,0,0
1535311011,eth1,0.00,0.00,0.00,0,0,0.00,0.00,0.00,0,0,0.00,0.00,0,0
1535311011,eth0,0.00,0.00,0.00,0,0,0.00,0.00,0.00,0,0,0.00,0.00,0,0
1535311011,total,18220866.00,18220932.00,36441800.00,18220932,18220866,6285.00,6286.00,12571.00,6286,6285,0.00,0.00,0,0
1535311012,s3-eth1,5995774.00,66000.00,6061774.00,66000,5995774,1091.00,1000.00,2091.00,1000,1091,0.00,0.00,0,0
1535311012,s1-eth2,66066.00,5995774.00,6061840.00,5995774,66066,1001.00,1091.00,2092.00,1091,1001,0.00,0.00,0,0
1535311012,s2-eth1,5995774.00,66066.00,6061840.00,66066,5995774,1091.00,1001.00,2092.00,1001,1091,0.00,0.00,0,0
1535311012,lo,0.00,0.00,0.00,0,0,0.00,0.00,0.00,0,0,0.00,0.00,0,0
1535311012,s3-eth2,66000.00,5995774.00,6061774.00,5995774,66000,1000.00,1091.00,2091.00,1091,1000,0.00,0.00,0,0
1535311012,s1-eth1,5995774.00,66000.00,6061774.00,66000,5995774,1091.00,1000.00,2091.00,1000,1091,0.00,0.00,0,0
1535311012,s2-eth2,66000.00,5995774.00,6061774.00,5995774,66000,1000.00,1091.00,2091.00,1091,1000,0.00,0.00,0,0
1535311012,eth1,0.00,0.00,0.00,0,0,0.00,0.00,0.00,0,0,0.00,0.00,0,0
1535311012,eth0,0.00,0.00,0.00,0,0,0.00,0.00,0.00,0,0,0.00,0.00,0,0
1535311012,total,18185388.00,18185388.00,36370776.00,18185388,18185388,6274.00,6274.00,12548.00,6274,6274,0.00,0.00,0,0
1535311013,s3-eth1,5989916.00,65934.00,6055850.00,65934,5989916,1090.00,999.00,2089.00,999,1090,0.00,0.00,0,0
1535311013,s1-eth2,65868.00,5989916.00,6055784.00,5989916,65868,998.00,1090.00,2088.00,1090,998,0.00,0.00,0,0
1535311013,s2-eth1,5989916.00,65868.00,6055784.00,65868,5989916,1090.00,998.00,2088.00,998,1090,0.00,0.00,0,0
1535311013,lo,516.00,516.00,1032.00,516,516,9.00,9.00,18.00,9,9,0.00,0.00,0,0
1535311013,s3-eth2,65934.00,5989916.00,6055850.00,5989916,65934,999.00,1090.00,2089.00,1090,999,0.00,0.00,0,0
1535311013,s1-eth1,5989916.00,65868.00,6055784.00,65868,5989916,1090.00,998.00,2088.00,998,1090,0.00,0.00,0,0
1535311013,s2-eth2,65934.00,5989916.00,6055850.00,5989916,65934,999.00,1090.00,2089.00,1090,999,0.00,0.00,0,0
1535311013,eth1,0.00,0.00,0.00,0,0,0.00,0.00,0.00,0,0,0.00,0.00,0,0
1535311013,eth0,0.00,0.00,0.00,0,0,0.00,0.00,0.00,0,0,0.00,0.00,0,0
1535311013,total,18168000.00,18167934.00,36335936.00,18167934,18168000,6275.00,6274.00,12549.00,6274,6275,0.00,0.00,0,0
1535311014,s3-eth1,5995816.00,66108.00,6061924.00,66108,5995816,1092.00,1002.00,2094.00,1002,1092,0.00,0.00,0,0
1535311014,s1-eth2,66108.00,5995816.00,6061924.00,5995816,66108,1002.00,1092.00,2094.00,1092,1002,0.00,0.00,0,0
1535311014,s2-eth1,5995816.00,66108.00,6061924.00,66108,5995816,1092.00,1002.00,2094.00,1002,1092,0.00,0.00,0,0
1535311014,lo,888.00,888.00,1776.00,888,888,9.00,9.00,18.00,9,9,0.00,0.00,0,0
1535311014,s3-eth2,66108.00,5995816.00,6061924.00,5995816,66108,1002.00,1092.00,2094.00,1092,1002,0.00,0.00,0,0
1535311014,s1-eth1,5995816.00,66108.00,6061924.00,66108,5995816,1092.00,1002.00,2094.00,1002,1092,0.00,0.00,0,0
1535311014,s2-eth2,66108.00,5995816.00,6061924.00,5995816,66108,1002.00,1092.00,2094.00,1092,1002,0.00,0.00,0,0
1535311014,eth1,0.00,0.00,0.00,0,0,0.00,0.00,0.00,0,0,0.00,0.00,0,0
1535311014,eth0,0.00,0.00,0.00,0,0,0.00,0.00,0.00,0,0,0.00,0.00,0,0
1535311014,total,18186660.00,18186660.00,36373320.00,18186660,18186660,6291.00,6291.00,12582.00,6291,6291,0.00,0.00,0,0
1535311015,s3-eth1,6025064.00,66264.00,6091328.00,66264,6025064,1096.00,1004.00,2100.00,1004,1096,0.00,0.00,0,0
1535311015,s1-eth2,66264.00,6025064.00,6091328.00,6025064,66264,1004.00,1096.00,2100.00,1096,1004,0.00,0.00,0,0
1535311015,s2-eth1,6025064.00,66264.00,6091328.00,66264,6025064,1096.00,1004.00,2100.00,1004,1096,0.00,0.00,0,0
1535311015,lo,0.00,0.00,0.00,0,0,0.00,0.00,0.00,0,0,0.00,0.00,0,0
1535311015,s3-eth2,66264.00,6025064.00,6091328.00,6025064,66264,1004.00,1096.00,2100.00,1096,1004,0.00,0.00,0,0
1535311015,s1-eth1,6025064.00,66264.00,6091328.00,66264,6025064,1096.00,1004.00,2100.00,1004,1096,0.00,0.00,0,0
1535311015,s2-eth2,66264.00,6025064.00,6091328.00,6025064,66264,1004.00,1096.00,2100.00,1096,1004,0.00,0.00,0,0
1535311015,eth1,0.00,0.00,0.00,0,0,0.00,0.00,0.00,0,0,0.00,0.00,0,0
1535311015,eth0,0.00,0.00,0.00,0,0,0.00,0.00,0.00,0,0,0.00,0.00,0,0
1535311015,total,18273984.00,18273984.00,36547968.00,18273984,18273984,6300.00,6300.00,12600.00,6300,6300,0.00,0.00,0,0
1535311016,s3-eth1,6009004.00,66132.00,6075136.00,66132,6009004,1094.00,1002.00,2096.00,1002,1094,0.00,0.00,0,0
1535311016,s1-eth2,66132.00,6007490.00,6073622.00,6007490,66132,1002.00,1093.00,2095.00,1093,1002,0.00,0.00,0,0
1535311016,s2-eth1,6007490.00,66132.00,6073622.00,66132,6007490,1093.00,1002.00,2095.00,1002,1093,0.00,0.00,0,0
1535311016,lo,0.00,0.00,0.00,0,0,0.00,0.00,0.00,0,0,0.00,0.00,0,0
1535311016,s3-eth2,66132.00,6009004.00,6075136.00,6009004,66132,1002.00,1094.00,2096.00,1094,1002,0.00,0.00,0,0
1535311016,s1-eth1,6007490.00,66198.00,6073688.00,66198,6007490,1093.00,1003.00,2096.00,1003,1093,0.00,0.00,0,0
1535311016,s2-eth2,66132.00,6009004.00,6075136.00,6009004,66132,1002.00,1094.00,2096.00,1094,1002,0.00,0.00,0,0
1535311016,eth1,0.00,0.00,0.00,0,0,0.00,0.00,0.00,0,0,0.00,0.00,0,0
1535311016,eth0,0.00,0.00,0.00,0,0,0.00,0.00,0.00,0,0,0.00,0.00,0,0
1535311016,total,18222380.00,18223960.00,36446340.00,18223960,18222380,6286.00,6288.00,12574.00,6288,6286,0.00,0.00,0,0
1535311017,s3-eth1,6001632.00,66132.00,6067764.00,66132,6001632,1092.00,1002.00,2094.00,1002,1092,0.00,0.00,0,0
1535311017,s1-eth2,66132.00,6003146.00,6069278.00,6003146,66132,1002.00,1093.00,2095.00,1093,1002,0.00,0.00,0,0
1535311017,s2-eth1,6003146.00,66132.00,6069278.00,66132,6003146,1093.00,1002.00,2095.00,1002,1093,0.00,0.00,0,0
1535311017,lo,0.00,0.00,0.00,0,0,0.00,0.00,0.00,0,0,0.00,0.00,0,0
1535311017,s3-eth2,66132.00,6001632.00,6067764.00,6001632,66132,1002.00,1092.00,2094.00,1092,1002,0.00,0.00,0,0
1535311017,s1-eth1,6003146.00,66066.00,6069212.00,66066,6003146,1093.00,1001.00,2094.00,1001,1093,0.00,0.00,0,0
1535311017,s2-eth2,66132.00,6001632.00,6067764.00,6001632,66132,1002.00,1092.00,2094.00,1092,1002,0.00,0.00,0,0
1535311017,eth1,0.00,0.00,0.00,0,0,0.00,0.00,0.00,0,0,0.00,0.00,0,0
1535311017,eth0,0.00,0.00,0.00,0,0,0.00,0.00,0.00,0,0,0.00,0.00,0,0
1535311017,total,18206320.00,18204740.00,36411060.00,18204740,18206320,6284.00,6282.00,12566.00,6282,6284,0.00,0.00,0,0
1535311018,s3-eth1,6013348.00,66132.00,6079480.00,66132,6013348,1094.00,1002.00,2096.00,1002,1094,0.00,0.00,0,0
1535311018,s1-eth2,66132.00,6013348.00,6079480.00,6013348,66132,1002.00,1094.00,2096.00,1094,1002,0.00,0.00,0,0
1535311018,s2-eth1,6013348.00,66132.00,6079480.00,66132,6013348,1094.00,1002.00,2096.00,1002,1094,0.00,0.00,0,0
1535311018,lo,0.00,0.00,0.00,0,0,0.00,0.00,0.00,0,0,0.00,0.00,0,0
1535311018,s3-eth2,66132.00,6013348.00,6079480.00,6013348,66132,1002.00,1094.00,2096.00,1094,1002,0.00,0.00,0,0
1535311018,s1-eth1,6013348.00,66132.00,6079480.00,66132,6013348,1094.00,1002.00,2096.00,1002,1094,0.00,0.00,0,0
1535311018,s2-eth2,66132.00,6013348.00,6079480.00,6013348,66132,1002.00,1094.00,2096.00,1094,1002,0.00,0.00,0,0
1535311018,eth1,0.00,0.00,0.00,0,0,0.00,0.00,0.00,0,0,0.00,0.00,0,0
1535311018,eth0,0.00,0.00,0.00,0,0,0.00,0.00,0.00,0,0,0.00,0.00,0,0
1535311018,total,18238440.00,18238440.00,36476880.00,18238440,18238440,6288.00,6288.00,12576.00,6288,6288,0.00,0.00,0,0
1535311019,s3-eth1,6013348.00,66264.00,6079612.00,66264,6013348,1094.00,1004.00,2098.00,1004,1094,0.00,0.00,0,0
1535311019,s1-eth2,66264.00,6013348.00,6079612.00,6013348,66264,1004.00,1094.00,2098.00,1094,1004,0.00,0.00,0,0
1535311019,s2-eth1,6013348.00,66264.00,6079612.00,66264,6013348,1094.00,1004.00,2098.00,1004,1094,0.00,0.00,0,0
1535311019,lo,516.00,516.00,1032.00,516,516,9.00,9.00,18.00,9,9,0.00,0.00,0,0
1535311019,s3-eth2,66198.00,6013348.00,6079546.00,6013348,66198,1003.00,1094.00,2097.00,1094,1003,0.00,0.00,0,0
1535311019,s1-eth1,6013348.00,66264.00,6079612.00,66264,6013348,1094.00,1004.00,2098.00,1004,1094,0.00,0.00,0,0
1535311019,s2-eth2,66264.00,6013348.00,6079612.00,6013348,66264,1004.00,1094.00,2098.00,1094,1004,0.00,0.00,0,0
1535311019,eth1,0.00,0.00,0.00,0,0,0.00,0.00,0.00,0,0,0.00,0.00,0,0
1535311019,eth0,0.00,0.00,0.00,0,0,0.00,0.00,0.00,0,0,0.00,0.00,0,0
1535311019,total,18239286.00,18239352.00,36478640.00,18239352,18239286,6302.00,6303.00,12605.00,6303,6302,0.00,0.00,0,0
1535311020,s3-eth1,6025064.00,66264.00,6091328.00,66264,6025064,1096.00,1004.00,2100.00,1004,1096,0.00,0.00,0,0
1535311020,s1-eth2,66264.00,6025064.00,6091328.00,6025064,66264,1004.00,1096.00,2100.00,1096,1004,0.00,0.00,0,0
1535311020,s2-eth1,6025064.00,66264.00,6091328.00,66264,6025064,1096.00,1004.00,2100.00,1004,1096,0.00,0.00,0,0
1535311020,lo,0.00,0.00,0.00,0,0,0.00,0.00,0.00,0,0,0.00,0.00,0,0
1535311020,s3-eth2,66330.00,6025064.00,6091394.00,6025064,66330,1005.00,1096.00,2101.00,1096,1005,0.00,0.00,0,0
1535311020,s1-eth1,6025064.00,66264.00,6091328.00,66264,6025064,1096.00,1004.00,2100.00,1004,1096,0.00,0.00,0,0
1535311020,s2-eth2,66264.00,6025064.00,6091328.00,6025064,66264,1004.00,1096.00,2100.00,1096,1004,0.00,0.00,0,0
1535311020,eth1,0.00,0.00,0.00,0,0,0.00,0.00,0.00,0,0,0.00,0.00,0,0
1535311020,eth0,0.00,0.00,0.00,0,0,0.00,0.00,0.00,0,0,0.00,0.00,0,0
1535311020,total,18274050.00,18273984.00,36548032.00,18273984,18274050,6301.00,6300.00,12601.00,6300,6301,0.00,0.00,0,0
1535311021,s3-eth1,5995774.00,66000.00,6061774.00,66000,5995774,1091.00,1000.00,2091.00,1000,1091,0.00,0.00,0,0
1535311021,s1-eth2,66000.00,5995774.00,6061774.00,5995774,66000,1000.00,1091.00,2091.00,1091,1000,0.00,0.00,0,0
1535311021,s2-eth1,5995774.00,66000.00,6061774.00,66000,5995774,1091.00,1000.00,2091.00,1000,1091,0.00,0.00,0,0
1535311021,lo,0.00,0.00,0.00,0,0,0.00,0.00,0.00,0,0,0.00,0.00,0,0
1535311021,s3-eth2,66000.00,5995774.00,6061774.00,5995774,66000,1000.00,1091.00,2091.00,1091,1000,0.00,0.00,0,0
1535311021,s1-eth1,5995774.00,66000.00,6061774.00,66000,5995774,1091.00,1000.00,2091.00,1000,1091,0.00,0.00,0,0
1535311021,s2-eth2,66000.00,5995774.00,6061774.00,5995774,66000,1000.00,1091.00,2091.00,1091,1000,0.00,0.00,0,0
1535311021,eth1,0.00,0.00,0.00,0,0,0.00,0.00,0.00,0,0,0.00,0.00,0,0
1535311021,eth0,90.00,90.00,180.00,90,90,1.00,1.00,2.00,1,1,0.00,0.00,0,0
1535311021,total,18185412.00,18185412.00,36370824.00,18185412,18185412,6274.00,6274.00,12548.00,6274,6274,0.00,0.00,0,0
1535311022,s3-eth1,6016780.00,71214.00,6087994.00,71214,6016780,1146.00,1079.00,2225.00,1079,1146,0.00,0.00,0,0
1535311022,s1-eth2,71280.00,6010922.00,6082202.00,6010922,71280,1080.00,1145.00,2225.00,1145,1080,0.00,0.00,0,0
1535311022,s2-eth1,6010922.00,71280.00,6082202.00,71280,6010922,1145.00,1080.00,2225.00,1080,1145,0.00,0.00,0,0
1535311022,lo,0.00,0.00,0.00,0,0,0.00,0.00,0.00,0,0,0.00,0.00,0,0
1535311022,s3-eth2,71148.00,6016780.00,6087928.00,6016780,71148,1078.00,1146.00,2224.00,1146,1078,0.00,0.00,0,0
1535311022,s1-eth1,6010922.00,71280.00,6082202.00,71280,6010922,1145.00,1080.00,2225.00,1080,1145,0.00,0.00,0,0
1535311022,s2-eth2,71214.00,6016780.00,6087994.00,6016780,71214,1079.00,1146.00,2225.00,1146,1079,0.00,0.00,0,0
1535311022,eth1,0.00,0.00,0.00,0,0,0.00,0.00,0.00,0,0,0.00,0.00,0,0
1535311022,eth0,0.00,0.00,0.00,0,0,0.00,0.00,0.00,0,0,0.00,0.00,0,0
1535311022,total,18252266.00,18258256.00,36510520.00,18258256,18252266,6673.00,6676.00,13349.00,6676,6673,0.00,0.00,0,0
1535311023,s3-eth1,6026578.00,66528.00,6093106.00,66528,6026578,1097.00,1008.00,2105.00,1008,1097,0.00,0.00,0,0
1535311023,s1-eth2,66462.00,6032436.00,6098898.00,6032436,66462,1007.00,1098.00,2105.00,1098,1007,0.00,0.00,0,0
1535311023,s2-eth1,6032436.00,66462.00,6098898.00,66462,6032436,1098.00,1007.00,2105.00,1007,1098,0.00,0.00,0,0
1535311023,lo,0.00,0.00,0.00,0,0,0.00,0.00,0.00,0,0,0.00,0.00,0,0
1535311023,s3-eth2,66594.00,6026578.00,6093172.00,6026578,66594,1009.00,1097.00,2106.00,1097,1009,0.00,0.00,0,0
1535311023,s1-eth1,6032436.00,66462.00,6098898.00,66462,6032436,1098.00,1007.00,2105.00,1007,1098,0.00,0.00,0,0
1535311023,s2-eth2,66528.00,6026578.00,6093106.00,6026578,66528,1008.00,1097.00,2105.00,1097,1008,0.00,0.00,0,0
1535311023,eth1,0.00,0.00,0.00,0,0,0.00,0.00,0.00,0,0,0.00,0.00,0,0
1535311023,eth0,0.00,0.00,0.00,0,0,0.00,0.00,0.00,0,0,0.00,0.00,0,0
1535311023,total,18291034.00,18285044.00,36576080.00,18285044,18291034,6317.00,6314.00,12631.00,6314,6317,0.00,0.00,0,0
1535311024,s3-eth1,6007490.00,66198.00,6073688.00,66198,6007490,1093.00,1003.00,2096.00,1003,1093,0.00,0.00,0,0
1535311024,s1-eth2,66264.00,6007490.00,6073754.00,6007490,66264,1004.00,1093.00,2097.00,1093,1004,0.00,0.00,0,0
1535311024,s2-eth1,6007490.00,66264.00,6073754.00,66264,6007490,1093.00,1004.00,2097.00,1004,1093,0.00,0.00,0,0
1535311024,lo,516.00,516.00,1032.00,516,516,9.00,9.00,18.00,9,9,0.00,0.00,0,0
1535311024,s3-eth2,66198.00,6007490.00,6073688.00,6007490,66198,1003.00,1093.00,2096.00,1093,1003,0.00,0.00,0,0
1535311024,s1-eth1,6007490.00,66264.00,6073754.00,66264,6007490,1093.00,1004.00,2097.00,1004,1093,0.00,0.00,0,0
1535311024,s2-eth2,66198.00,6007490.00,6073688.00,6007490,66198,1003.00,1093.00,2096.00,1093,1003,0.00,0.00,0,0
1535311024,eth1,0.00,0.00,0.00,0,0,0.00,0.00,0.00,0,0,0.00,0.00,0,0
1535311024,eth0,0.00,0.00,0.00,0,0,0.00,0.00,0.00,0,0,0.00,0.00,0,0
1535311024,total,18221646.00,18221712.00,36443360.00,18221712,18221646,6298.00,6299.00,12597.00,6299,6298,0.00,0.00,0,0
1535311025,s3-eth1,6007490.00,66198.00,6073688.00,66198,6007490,1093.00,1003.00,2096.00,1003,1093,0.00,0.00,0,0
1535311025,s1-eth2,66132.00,6007490.00,6073622.00,6007490,66132,1002.00,1093.00,2095.00,1093,1002,0.00,0.00,0,0
1535311025,s2-eth1,6007490.00,66132.00,6073622.00,66132,6007490,1093.00,1002.00,2095.00,1002,1093,0.00,0.00,0,0
1535311025,lo,0.00,0.00,0.00,0,0,0.00,0.00,0.00,0,0,0.00,0.00,0,0
1535311025,s3-eth2,66132.00,6007490.00,6073622.00,6007490,66132,1002.00,1093.00,2095.00,1093,1002,0.00,0.00,0,0
1535311025,s1-eth1,6007490.00,66132.00,6073622.00,66132,6007490,1093.00,1002.00,2095.00,1002,1093,0.00,0.00,0,0
1535311025,s2-eth2,66198.00,6007490.00,6073688.00,6007490,66198,1003.00,1093.00,2096.00,1093,1003,0.00,0.00,0,0
1535311025,eth1,0.00,0.00,0.00,0,0,0.00,0.00,0.00,0,0,0.00,0.00,0,0
1535311025,eth0,0.00,0.00,0.00,0,0,0.00,0.00,0.00,0,0,0.00,0.00,0,0
1535311025,total,18220932.00,18220932.00,36441864.00,18220932,18220932,6286.00,6286.00,12572.00,6286,6286,0.00,0.00,0,0
1535311026,s3-eth1,6019206.00,66264.00,6085470.00,66264,6019206,1095.00,1004.00,2099.00,1004,1095,0.00,0.00,0,0
1535311026,s1-eth2,66264.00,6019206.00,6085470.00,6019206,66264,1004.00,1095.00,2099.00,1095,1004,0.00,0.00,0,0
1535311026,s2-eth1,6019206.00,66264.00,6085470.00,66264,6019206,1095.00,1004.00,2099.00,1004,1095,0.00,0.00,0,0
1535311026,lo,0.00,0.00,0.00,0,0,0.00,0.00,0.00,0,0,0.00,0.00,0,0
1535311026,s3-eth2,66264.00,6019206.00,6085470.00,6019206,66264,1004.00,1095.00,2099.00,1095,1004,0.00,0.00,0,0
1535311026,s1-eth1,6019206.00,66264.00,6085470.00,66264,6019206,1095.00,1004.00,2099.00,1004,1095,0.00,0.00,0,0
1535311026,s2-eth2,66264.00,6019206.00,6085470.00,6019206,66264,1004.00,1095.00,2099.00,1095,1004,0.00,0.00,0,0
1535311026,eth1,0.00,0.00,0.00,0,0,0.00,0.00,0.00,0,0,0.00,0.00,0,0
1535311026,eth0,0.00,0.00,0.00,0,0,0.00,0.00,0.00,0,0,0.00,0.00,0,0
1535311026,total,18256410.00,18256410.00,36512820.00,18256410,18256410,6297.00,6297.00,12594.00,6297,6297,0.00,0.00,0,0
1535311027,s3-eth1,5995774.00,66000.00,6061774.00,66000,5995774,1091.00,1000.00,2091.00,1000,1091,0.00,0.00,0,0
1535311027,s1-eth2,66000.00,5995774.00,6061774.00,5995774,66000,1000.00,1091.00,2091.00,1091,1000,0.00,0.00,0,0
1535311027,s2-eth1,5995774.00,66000.00,6061774.00,66000,5995774,1091.00,1000.00,2091.00,1000,1091,0.00,0.00,0,0
1535311027,lo,0.00,0.00,0.00,0,0,0.00,0.00,0.00,0,0,0.00,0.00,0,0
1535311027,s3-eth2,66066.00,5995774.00,6061840.00,5995774,66066,1001.00,1091.00,2092.00,1091,1001,0.00,0.00,0,0
1535311027,s1-eth1,5995774.00,66000.00,6061774.00,66000,5995774,1091.00,1000.00,2091.00,1000,1091,0.00,0.00,0,0
1535311027,s2-eth2,66000.00,5995774.00,6061774.00,5995774,66000,1000.00,1091.00,2091.00,1091,1000,0.00,0.00,0,0
1535311027,eth1,0.00,0.00,0.00,0,0,0.00,0.00,0.00,0,0,0.00,0.00,0,0
1535311027,eth0,0.00,0.00,0.00,0,0,0.00,0.00,0.00,0,0,0.00,0.00,0,0
1535311027,total,18185388.00,18185322.00,36370712.00,18185322,18185388,6274.00,6273.00,12547.00,6273,6274,0.00,0.00,0,0
1535311028,s3-eth1,6019206.00,66198.00,6085404.00,66198,6019206,1095.00,1003.00,2098.00,1003,1095,0.00,0.00,0,0
1535311028,s1-eth2,66264.00,6019206.00,6085470.00,6019206,66264,1004.00,1095.00,2099.00,1095,1004,0.00,0.00,0,0
1535311028,s2-eth1,6019206.00,66264.00,6085470.00,66264,6019206,1095.00,1004.00,2099.00,1004,1095,0.00,0.00,0,0
1535311028,lo,0.00,0.00,0.00,0,0,0.00,0.00,0.00,0,0,0.00,0.00,0,0
1535311028,s3-eth2,66198.00,6019206.00,6085404.00,6019206,66198,1003.00,1095.00,2098.00,1095,1003,0.00,0.00,0,0
1535311028,s1-eth1,6019206.00,66264.00,6085470.00,66264,6019206,1095.00,1004.00,2099.00,1004,1095,0.00,0.00,0,0
1535311028,s2-eth2,66198.00,6019206.00,6085404.00,6019206,66198,1003.00,1095.00,2098.00,1095,1003,0.00,0.00,0,0
1535311028,eth1,0.00,0.00,0.00,0,0,0.00,0.00,0.00,0,0,0.00,0.00,0,0
1535311028,eth0,0.00,0.00,0.00,0,0,0.00,0.00,0.00,0,0,0.00,0.00,0,0
1535311028,total,18256278.00,18256344.00,36512624.00,18256344,18256278,6295.00,6296.00,12591.00,6296,6295,0.00,0.00,0,0
1535311029,s3-eth1,6020720.00,66330.00,6087050.00,66330,6020720,1096.00,1005.00,2101.00,1005,1096,0.00,0.00,0,0
1535311029,s1-eth2,66264.00,6020720.00,6086984.00,6020720,66264,1004.00,1096.00,2100.00,1096,1004,0.00,0.00,0,0
1535311029,s2-eth1,6020720.00,66264.00,6086984.00,66264,6020720,1096.00,1004.00,2100.00,1004,1096,0.00,0.00,0,0
1535311029,lo,516.00,516.00,1032.00,516,516,9.00,9.00,18.00,9,9,0.00,0.00,0,0
1535311029,s3-eth2,66330.00,6020720.00,6087050.00,6020720,66330,1005.00,1096.00,2101.00,1096,1005,0.00,0.00,0,0
1535311029,s1-eth1,6020720.00,66264.00,6086984.00,66264,6020720,1096.00,1004.00,2100.00,1004,1096,0.00,0.00,0,0
1535311029,s2-eth2,66330.00,6020720.00,6087050.00,6020720,66330,1005.00,1096.00,2101.00,1096,1005,0.00,0.00,0,0
1535311029,eth1,0.00,0.00,0.00,0,0,0.00,0.00,0.00,0,0,0.00,0.00,0,0
1535311029,eth0,0.00,0.00,0.00,0,0,0.00,0.00,0.00,0,0,0.00,0.00,0,0
1535311029,total,18261600.00,18261534.00,36523136.00,18261534,18261600,6311.00,6310.00,12621.00,6310,6311,0.00,0.00,0,0
1535311030,s3-eth1,6023558.00,68904.00,6092462.00,68904,6023558,1139.00,1044.00,2183.00,1044,1139,0.00,0.00,0,0
1535311030,s1-eth2,69102.00,6020398.00,6089500.00,6020398,69102,1047.00,1135.00,2182.00,1135,1047,0.00,0.00,0,0
1535311030,s2-eth1,6020398.00,69102.00,6089500.00,69102,6020398,1135.00,1047.00,2182.00,1047,1135,0.00,0.00,0,0
1535311030,lo,0.00,0.00,0.00,0,0,0.00,0.00,0.00,0,0,0.00,0.00,0,0
1535311030,s3-eth2,68640.00,6023756.00,6092396.00,6023756,68640,1040.00,1142.00,2182.00,1142,1040,0.00,0.00,0,0
1535311030,s1-eth1,6020200.00,69366.00,6089566.00,69366,6020200,1132.00,1051.00,2183.00,1051,1132,0.00,0.00,0,0
1535311030,s2-eth2,68904.00,6023558.00,6092462.00,6023558,68904,1044.00,1139.00,2183.00,1139,1044,0.00,0.00,0,0
1535311030,eth1,0.00,0.00,0.00,0,0,0.00,0.00,0.00,0,0,0.00,0.00,0,0
1535311030,eth0,0.00,0.00,0.00,0,0,0.00,0.00,0.00,0,0,0.00,0.00,0,0
1535311030,total,18270802.00,18275084.00,36545888.00,18275084,18270802,6537.00,6558.00,13095.00,6558,6537,0.00,0.00,0,0
1535311031,s3-eth1,6029936.00,69432.00,6099368.00,69432,6029936,1104.00,1052.00,2156.00,1052,1104,0.00,0.00,0,0
1535311031,s1-eth2,69300.00,6027238.00,6096538.00,6027238,69300,1050.00,1107.00,2157.00,1107,1050,0.00,0.00,0,0
1535311031,s2-eth1,6027238.00,69300.00,6096538.00,69300,6027238,1107.00,1050.00,2157.00,1050,1107,0.00,0.00,0,0
1535311031,lo,0.00,0.00,0.00,0,0,0.00,0.00,0.00,0,0,0.00,0.00,0,0
1535311031,s3-eth2,69696.00,6029738.00,6099434.00,6029738,69696,1056.00,1101.00,2157.00,1101,1056,0.00,0.00,0,0
1535311031,s1-eth1,6027436.00,69036.00,6096472.00,69036,6027436,1110.00,1046.00,2156.00,1046,1110,0.00,0.00,0,0
1535311031,s2-eth2,69432.00,6029936.00,6099368.00,6029936,69432,1052.00,1104.00,2156.00,1104,1052,0.00,0.00,0,0
1535311031,eth1,0.00,0.00,0.00,0,0,0.00,0.00,0.00,0,0,0.00,0.00,0,0
1535311031,eth0,0.00,0.00,0.00,0,0,0.00,0.00,0.00,0,0,0.00,0.00,0,0
1535311031,total,18293038.00,18294680.00,36587720.00,18294680,18293038,6479.00,6460.00,12939.00,6460,6479,0.00,0.00,0,0
1535311032,s3-eth1,6026578.00,66396.00,6092974.00,66396,6026578,1097.00,1006.00,2103.00,1006,1097,0.00,0.00,0,0
1535311032,s1-eth2,66330.00,6026578.00,6092908.00,6026578,66330,1005.00,1097.00,2102.00,1097,1005,0.00,0.00,0,0
1535311032,s2-eth1,6026578.00,66330.00,6092908.00,66330,6026578,1097.00,1005.00,2102.00,1005,1097,0.00,0.00,0,0
1535311032,lo,0.00,0.00,0.00,0,0,0.00,0.00,0.00,0,0,0.00,0.00,0,0
1535311032,s3-eth2,66396.00,6026578.00,6092974.00,6026578,66396,1006.00,1097.00,2103.00,1097,1006,0.00,0.00,0,0
1535311032,s1-eth1,6026578.00,66330.00,6092908.00,66330,6026578,1097.00,1005.00,2102.00,1005,1097,0.00,0.00,0,0
1535311032,s2-eth2,66396.00,6026578.00,6092974.00,6026578,66396,1006.00,1097.00,2103.00,1097,1006,0.00,0.00,0,0
1535311032,eth1,0.00,0.00,0.00,0,0,0.00,0.00,0.00,0,0,0.00,0.00,0,0
1535311032,eth0,90.00,90.00,180.00,90,90,1.00,1.00,2.00,1,1,0.00,0.00,0,0
1535311032,total,18278946.00,18278880.00,36557824.00,18278880,18278946,6309.00,6308.00,12617.00,6308,6309,0.00,0.00,0,0
1535311033,s3-eth1,6013348.00,66198.00,6079546.00,66198,6013348,1094.00,1003.00,2097.00,1003,1094,0.00,0.00,0,0
1535311033,s1-eth2,66198.00,6013348.00,6079546.00,6013348,66198,1003.00,1094.00,2097.00,1094,1003,0.00,0.00,0,0
1535311033,s2-eth1,6013348.00,66198.00,6079546.00,66198,6013348,1094.00,1003.00,2097.00,1003,1094,0.00,0.00,0,0
1535311033,lo,0.00,0.00,0.00,0,0,0.00,0.00,0.00,0,0,0.00,0.00,0,0
1535311033,s3-eth2,66198.00,6013348.00,6079546.00,6013348,66198,1003.00,1094.00,2097.00,1094,1003,0.00,0.00,0,0
1535311033,s1-eth1,6013348.00,66198.00,6079546.00,66198,6013348,1094.00,1003.00,2097.00,1003,1094,0.00,0.00,0,0
1535311033,s2-eth2,66198.00,6013348.00,6079546.00,6013348,66198,1003.00,1094.00,2097.00,1094,1003,0.00,0.00,0,0
1535311033,eth1,0.00,0.00,0.00,0,0,0.00,0.00,0.00,0,0,0.00,0.00,0,0
1535311033,eth0,0.00,0.00,0.00,0,0,0.00,0.00,0.00,0,0,0.00,0.00,0,0
1535311033,total,18238638.00,18238638.00,36477276.00,18238638,18238638,6291.00,6291.00,12582.00,6291,6291,0.00,0.00,0,0
1535311034,s3-eth1,6007490.00,66066.00,6073556.00,66066,6007490,1093.00,1001.00,2094.00,1001,1093,0.00,0.00,0,0
1535311034,s1-eth2,66132.00,6007490.00,6073622.00,6007490,66132,1002.00,1093.00,2095.00,1093,1002,0.00,0.00,0,0
1535311034,s2-eth1,6007490.00,66132.00,6073622.00,66132,6007490,1093.00,1002.00,2095.00,1002,1093,0.00,0.00,0,0
1535311034,lo,516.00,516.00,1032.00,516,516,9.00,9.00,18.00,9,9,0.00,0.00,0,0
1535311034,s3-eth2,66066.00,6007490.00,6073556.00,6007490,66066,1001.00,1093.00,2094.00,1093,1001,0.00,0.00,0,0
1535311034,s1-eth1,6007490.00,66132.00,6073622.00,66132,6007490,1093.00,1002.00,2095.00,1002,1093,0.00,0.00,0,0
1535311034,s2-eth2,66066.00,6007490.00,6073556.00,6007490,66066,1001.00,1093.00,2094.00,1093,1001,0.00,0.00,0,0
1535311034,eth1,0.00,0.00,0.00,0,0,0.00,0.00,0.00,0,0,0.00,0.00,0,0
1535311034,eth0,0.00,0.00,0.00,0,0,0.00,0.00,0.00,0,0,0.00,0.00,0,0
1535311034,total,18221250.00,18221316.00,36442568.00,18221316,18221250,6292.00,6293.00,12585.00,6293,6292,0.00,0.00,0,0
1535311035,s3-eth1,6013348.00,66264.00,6079612.00,66264,6013348,1094.00,1004.00,2098.00,1004,1094,0.00,0.00,0,0
1535311035,s1-eth2,66264.00,6013348.00,6079612.00,6013348,66264,1004.00,1094.00,2098.00,1094,1004,0.00,0.00,0,0
1535311035,s2-eth1,6013348.00,66264.00,6079612.00,66264,6013348,1094.00,1004.00,2098.00,1004,1094,0.00,0.00,0,0
1535311035,lo,0.00,0.00,0.00,0,0,0.00,0.00,0.00,0,0,0.00,0.00,0,0
1535311035,s3-eth2,66264.00,6013348.00,6079612.00,6013348,66264,1004.00,1094.00,2098.00,1094,1004,0.00,0.00,0,0
1535311035,s1-eth1,6013348.00,66264.00,6079612.00,66264,6013348,1094.00,1004.00,2098.00,1004,1094,0.00,0.00,0,0
1535311035,s2-eth2,66264.00,6013348.00,6079612.00,6013348,66264,1004.00,1094.00,2098.00,1094,1004,0.00,0.00,0,0
1535311035,eth1,0.00,0.00,0.00,0,0,0.00,0.00,0.00,0,0,0.00,0.00,0,0
1535311035,eth0,0.00,0.00,0.00,0,0,0.00,0.00,0.00,0,0,0.00,0.00,0,0
1535311035,total,18238836.00,18238836.00,36477672.00,18238836,18238836,6294.00,6294.00,12588.00,6294,6294,0.00,0.00,0,0
1535311036,s3-eth1,6026578.00,66264.00,6092842.00,66264,6026578,1097.00,1004.00,2101.00,1004,1097,0.00,0.00,0,0
1535311036,s1-eth2,66264.00,6025064.00,6091328.00,6025064,66264,1004.00,1096.00,2100.00,1096,1004,0.00,0.00,0,0
1535311036,s2-eth1,6025064.00,66264.00,6091328.00,66264,6025064,1096.00,1004.00,2100.00,1004,1096,0.00,0.00,0,0
1535311036,lo,0.00,0.00,0.00,0,0,0.00,0.00,0.00,0,0,0.00,0.00,0,0
1535311036,s3-eth2,66264.00,6026578.00,6092842.00,6026578,66264,1004.00,1097.00,2101.00,1097,1004,0.00,0.00,0,0
1535311036,s1-eth1,6025064.00,66264.00,6091328.00,66264,6025064,1096.00,1004.00,2100.00,1004,1096,0.00,0.00,0,0
1535311036,s2-eth2,66264.00,6026578.00,6092842.00,6026578,66264,1004.00,1097.00,2101.00,1097,1004,0.00,0.00,0,0
1535311036,eth1,0.00,0.00,0.00,0,0,0.00,0.00,0.00,0,0,0.00,0.00,0,0
1535311036,eth0,0.00,0.00,0.00,0,0,0.00,0.00,0.00,0,0,0.00,0.00,0,0
1535311036,total,18275498.00,18277012.00,36552512.00,18277012,18275498,6301.00,6302.00,12603.00,6302,6301,0.00,0.00,0,0
1535311037,s3-eth1,6013348.00,66264.00,6079612.00,66264,6013348,1094.00,1004.00,2098.00,1004,1094,0.00,0.00,0,0
1535311037,s1-eth2,66198.00,6014862.00,6081060.00,6014862,66198,1003.00,1095.00,2098.00,1095,1003,0.00,0.00,0,0
1535311037,s2-eth1,6014862.00,66198.00,6081060.00,66198,6014862,1095.00,1003.00,2098.00,1003,1095,0.00,0.00,0,0
1535311037,lo,0.00,0.00,0.00,0,0,0.00,0.00,0.00,0,0,0.00,0.00,0,0
1535311037,s3-eth2,66264.00,6013348.00,6079612.00,6013348,66264,1004.00,1094.00,2098.00,1094,1004,0.00,0.00,0,0
1535311037,s1-eth1,6014862.00,66198.00,6081060.00,66198,6014862,1095.00,1003.00,2098.00,1003,1095,0.00,0.00,0,0
1535311037,s2-eth2,66264.00,6013348.00,6079612.00,6013348,66264,1004.00,1094.00,2098.00,1094,1004,0.00,0.00,0,0
1535311037,eth1,0.00,0.00,0.00,0,0,0.00,0.00,0.00,0,0,0.00,0.00,0,0
1535311037,eth0,60.00,60.00,120.00,60,60,1.00,1.00,2.00,1,1,0.00,0.00,0,0
1535311037,total,18241858.00,18240278.00,36482136.00,18240278,18241858,6296.00,6294.00,12590.00,6294,6296,0.00,0.00,0,0
1535311038,s3-eth1,6010988.00,71478.00,6082466.00,71478,6010988,1146.00,1083.00,2229.00,1083,1146,0.00,0.00,0,0
1535311038,s1-eth2,71544.00,6005130.00,6076674.00,6005130,71544,1084.00,1145.00,2229.00,1145,1084,0.00,0.00,0,0
1535311038,s2-eth1,6005130.00,71544.00,6076674.00,71544,6005130,1145.00,1084.00,2229.00,1084,1145,0.00,0.00,0,0
1535311038,lo,0.00,0.00,0.00,0,0,0.00,0.00,0.00,0,0,0.00,0.00,0,0
1535311038,s3-eth2,71412.00,6010988.00,6082400.00,6010988,71412,1082.00,1146.00,2228.00,1146,1082,0.00,0.00,0,0
1535311038,s1-eth1,6005130.00,71544.00,6076674.00,71544,6005130,1145.00,1084.00,2229.00,1084,1145,0.00,0.00,0,0
1535311038,s2-eth2,71478.00,6010988.00,6082466.00,6010988,71478,1083.00,1146.00,2229.00,1146,1083,0.00,0.00,0,0
1535311038,eth1,0.00,0.00,0.00,0,0,0.00,0.00,0.00,0,0,0.00,0.00,0,0
1535311038,eth0,0.00,0.00,0.00,0,0,0.00,0.00,0.00,0,0,0.00,0.00,0,0
1535311038,total,18235682.00,18241672.00,36477352.00,18241672,18235682,6685.00,6688.00,13373.00,6688,6685,0.00,0.00,0,0
1535311039,s3-eth1,6001632.00,66198.00,6067830.00,66198,6001632,1092.00,1003.00,2095.00,1003,1092,0.00,0.00,0,0
1535311039,s1-eth2,66132.00,6007490.00,6073622.00,6007490,66132,1002.00,1093.00,2095.00,1093,1002,0.00,0.00,0,0
1535311039,s2-eth1,6007490.00,66132.00,6073622.00,66132,6007490,1093.00,1002.00,2095.00,1002,1093,0.00,0.00,0,0
1535311039,lo,516.00,516.00,1032.00,516,516,9.00,9.00,18.00,9,9,0.00,0.00,0,0
1535311039,s3-eth2,66264.00,6001632.00,6067896.00,6001632,66264,1004.00,1092.00,2096.00,1092,1004,0.00,0.00,0,0
1535311039,s1-eth1,6007490.00,66132.00,6073622.00,66132,6007490,1093.00,1002.00,2095.00,1002,1093,0.00,0.00,0,0
1535311039,s2-eth2,66264.00,6001632.00,6067896.00,6001632,66264,1004.00,1092.00,2096.00,1092,1004,0.00,0.00,0,0
1535311039,eth1,0.00,0.00,0.00,0,0,0.00,0.00,0.00,0,0,0.00,0.00,0,0
1535311039,eth0,0.00,0.00,0.00,0,0,0.00,0.00,0.00,0,0,0.00,0.00,0,0
1535311039,total,18215788.00,18209732.00,36425520.00,18209732,18215788,6297.00,6293.00,12590.00,6293,6297,0.00,0.00,0,0
1535311040,s3-eth1,199972.00,5940.00,205912.00,5940,199972,38.00,90.00,128.00,90,38,0.00,0.00,0,0
1535311040,s1-eth2,5280.00,277640.00,282920.00,277640,5280,80.00,52.00,132.00,52,80,0.00,0.00,0,0
1535311040,s2-eth1,277640.00,5280.00,282920.00,5280,277640,52.00,80.00,132.00,80,52,0.00,0.00,0,0
1535311040,lo,0.00,0.00,0.00,0,0,0.00,0.00,0.00,0,0,0.00,0.00,0,0
1535311040,s3-eth2,6600.00,134020.00,140620.00,134020,6600,100.00,26.00,126.00,26,100,0.00,0.00,0,0
1535311040,s1-eth1,343592.00,4620.00,348212.00,4620,343592,64.00,70.00,134.00,70,64,0.00,0.00,0,0
1535311040,s2-eth2,5874.00,199972.00,205846.00,199972,5874,89.00,38.00,127.00,38,89,0.00,0.00,0,0
1535311040,eth1,0.00,0.00,0.00,0,0,0.00,0.00,0.00,0,0,0.00,0.00,0,0
1535311040,eth0,0.00,0.00,0.00,0,0,0.00,0.00,0.00,0,0,0.00,0.00,0,0
1535311040,total,838958.00,627472.00,1466430.00,627472,838958,423.00,356.00,779.00,356,423,0.00,0.00,0,0
1535311041,s3-eth1,0.00,0.00,0.00,0,0,0.00,0.00,0.00,0,0,0.00,0.00,0,0
1535311041,s1-eth2,0.00,0.00,0.00,0,0,0.00,0.00,0.00,0,0,0.00,0.00,0,0
1535311041,s2-eth1,0.00,0.00,0.00,0,0,0.00,0.00,0.00,0,0,0.00,0.00,0,0
1535311041,lo,0.00,0.00,0.00,0,0,0.00,0.00,0.00,0,0,0.00,0.00,0,0
1535311041,s3-eth2,0.00,0.00,0.00,0,0,0.00,0.00,0.00,0,0,0.00,0.00,0,0
1535311041,s1-eth1,0.00,0.00,0.00,0,0,0.00,0.00,0.00,0,0,0.00,0.00,0,0
1535311041,s2-eth2,0.00,0.00,0.00,0,0,0.00,0.00,0.00,0,0,0.00,0.00,0,0
1535311041,eth1,0.00,0.00,0.00,0,0,0.00,0.00,0.00,0,0,0.00,0.00,0,0
1535311041,eth0,0.00,0.00,0.00,0,0,0.00,0.00,0.00,0,0,0.00,0.00,0,0
1535311041,total,0.00,0.00,0.00,0,0,0.00,0.00,0.00,0,0,0.00,0.00,0,0
1535311042,s3-eth1,0.00,0.00,0.00,0,0,0.00,0.00,0.00,0,0,0.00,0.00,0,0
1535311042,s1-eth2,0.00,0.00,0.00,0,0,0.00,0.00,0.00,0,0,0.00,0.00,0,0
1535311042,s2-eth1,0.00,0.00,0.00,0,0,0.00,0.00,0.00,0,0,0.00,0.00,0,0
1535311042,lo,0.00,0.00,0.00,0,0,0.00,0.00,0.00,0,0,0.00,0.00,0,0
1535311042,s3-eth2,0.00,0.00,0.00,0,0,0.00,0.00,0.00,0,0,0.00,0.00,0,0
1535311042,s1-eth1,0.00,0.00,0.00,0,0,0.00,0.00,0.00,0,0,0.00,0.00,0,0
1535311042,s2-eth2,0.00,0.00,0.00,0,0,0.00,0.00,0.00,0,0,0.00,0.00,0,0
1535311042,eth1,0.00,0.00,0.00,0,0,0.00,0.00,0.00,0,0,0.00,0.00,0,0
1535311042,eth0,0.00,0.00,0.00,0,0,0.00,0.00,0.00,0,0,0.00,0.00,0,0
1535311042,total,0.00,0.00,0.00,0,0,0.00,0.00,0.00,0,0,0.00,0.00,0,0
1535311043,s3-eth1,0.00,0.00,0.00,0,0,0.00,0.00,0.00,0,0,0.00,0.00,0,0
1535311043,s1-eth2,0.00,0.00,0.00,0,0,0.00,0.00,0.00,0,0,0.00,0.00,0,0
1535311043,s2-eth1,0.00,0.00,0.00,0,0,0.00,0.00,0.00,0,0,0.00,0.00,0,0
1535311043,lo,0.00,0.00,0.00,0,0,0.00,0.00,0.00,0,0,0.00,0.00,0,0
1535311043,s3-eth2,0.00,0.00,0.00,0,0,0.00,0.00,0.00,0,0,0.00,0.00,0,0
1535311043,s1-eth1,0.00,0.00,0.00,0,0,0.00,0.00,0.00,0,0,0.00,0.00,0,0
1535311043,s2-eth2,0.00,0.00,0.00,0,0,0.00,0.00,0.00,0,0,0.00,0.00,0,0
1535311043,eth1,0.00,0.00,0.00,0,0,0.00,0.00,0.00,0,0,0.00,0.00,0,0
1535311043,eth0,0.00,0.00,0.00,0,0,0.00,0.00,0.00,0,0,0.00,0.00,0,0
1535311043,total,0.00,0.00,0.00,0,0,0.00,0.00,0.00,0,0,0.00,0.00,0,0
1535311044,s3-eth1,0.00,0.00,0.00,0,0,0.00,0.00,0.00,0,0,0.00,0.00,0,0
1535311044,s1-eth2,0.00,0.00,0.00,0,0,0.00,0.00,0.00,0,0,0.00,0.00,0,0
1535311044,s2-eth1,0.00,0.00,0.00,0,0,0.00,0.00,0.00,0,0,0.00,0.00,0,0
1535311044,lo,516.00,516.00,1032.00,516,516,9.00,9.00,18.00,9,9,0.00,0.00,0,0
1535311044,s3-eth2,0.00,0.00,0.00,0,0,0.00,0.00,0.00,0,0,0.00,0.00,0,0
1535311044,s1-eth1,0.00,0.00,0.00,0,0,0.00,0.00,0.00,0,0,0.00,0.00,0,0
1535311044,s2-eth2,0.00,0.00,0.00,0,0,0.00,0.00,0.00,0,0,0.00,0.00,0,0
1535311044,eth1,0.00,0.00,0.00,0,0,0.00,0.00,0.00,0,0,0.00,0.00,0,0
1535311044,eth0,0.00,0.00,0.00,0,0,0.00,0.00,0.00,0,0,0.00,0.00,0,0
1535311044,total,516.00,516.00,1032.00,516,516,9.00,9.00,18.00,9,9,0.00,0.00,0,0
1535311045,s3-eth1,0.00,0.00,0.00,0,0,0.00,0.00,0.00,0,0,0.00,0.00,0,0
1535311045,s1-eth2,0.00,0.00,0.00,0,0,0.00,0.00,0.00,0,0,0.00,0.00,0,0
1535311045,s2-eth1,0.00,0.00,0.00,0,0,0.00,0.00,0.00,0,0,0.00,0.00,0,0
1535311045,lo,0.00,0.00,0.00,0,0,0.00,0.00,0.00,0,0,0.00,0.00,0,0
1535311045,s3-eth2,0.00,0.00,0.00,0,0,0.00,0.00,0.00,0,0,0.00,0.00,0,0
1535311045,s1-eth1,0.00,0.00,0.00,0,0,0.00,0.00,0.00,0,0,0.00,0.00,0,0