1535234202,s1-eth2,0.00,0.00,0.00,0,0,0.00,0.00,0.00,0,0,0.00,0.00,0,0
1535234202,lo,0.00,0.00,0.00,0,0,0.00,0.00,0.00,0,0,0.00,0.00,0,0
1535234202,s1-eth1,0.00,0.00,0.00,0,0,0.00,0.00,0.00,0,0,0.00,0.00,0,0
1535234202,eth1,0.00,0.00,0.00,0,0,0.00,0.00,0.00,0,0,0.00,0.00,0,0
1535234202,eth0,0.00,0.00,0.00,0,0,0.00,0.00,0.00,0,0,0.00,0.00,0,0
1535234202,total,0.00,0.00,0.00,0,0,0.00,0.00,0.00,0,0,0.00,0.00,0,0
1535234203,s1-eth2,26664.00,1223900.00,1250564.00,1223900,26664,404.00,422.00,826.00,422,404,0.00,0.00,0,0
1535234203,lo,0.00,0.00,0.00,0,0,0.00,0.00,0.00,0,0,0.00,0.00,0,0
1535234203,s1-eth1,1223900.00,26664.00,1250564.00,26664,1223900,422.00,404.00,826.00,404,422,0.00,0.00,0,0
1535234203,eth1,0.00,86.00,86.00,86,0,0.00,1.00,1.00,1,0,0.00,0.00,0,0
1535234203,eth0,0.00,0.00,0.00,0,0,0.00,0.00,0.00,0,0,0.00,0.00,0,0
1535234203,total,1250564.00,1250650.00,2501214.00,1250650,1250564,826.00,827.00,1653.00,827,826,0.00,0.00,0,0
1535234204,s1-eth2,26532.00,1222452.00,1248984.00,1222452,26532,402.00,422.00,824.00,422,402,0.00,0.00,0,0
1535234204,lo,0.00,0.00,0.00,0,0,0.00,0.00,0.00,0,0,0.00,0.00,0,0
1535234204,s1-eth1,1219490.00,26598.00,1246088.00,26598,1219490,421.00,403.00,824.00,403,421,0.00,0.00,0,0
1535234204,eth1,0.00,0.00,0.00,0,0,0.00,0.00,0.00,0,0,0.00,0.00,0,0
1535234204,eth0,0.00,0.00,0.00,0,0,0.00,0.00,0.00,0,0,0.00,0.00,0,0
1535234204,total,1246022.00,1249050.00,2495072.00,1249050,1246022,823.00,825.00,1648.00,825,823,0.00,0.00,0,0
1535234205,s1-eth2,26664.00,1223900.00,1250564.00,1223900,26664,404.00,422.00,826.00,422,404,0.00,0.00,0,0
1535234205,lo,0.00,0.00,0.00,0,0,0.00,0.00,0.00,0,0,0.00,0.00,0,0
1535234205,s1-eth1,1223900.00,26664.00,1250564.00,26664,1223900,422.00,404.00,826.00,404,422,0.00,0.00,0,0
1535234205,eth1,0.00,0.00,0.00,0,0,0.00,0.00,0.00,0,0,0.00,0.00,0,0
1535234205,eth0,0.00,0.00,0.00,0,0,0.00,0.00,0.00,0,0,0.00,0.00,0,0
1535234205,total,1250564.00,1250564.00,2501128.00,1250564,1250564,826.00,826.00,1652.00,826,826,0.00,0.00,0,0
1535234206,s1-eth2,26730.00,1223900.00,1250630.00,1223900,26730,405.00,422.00,827.00,422,405,0.00,0.00,0,0
1535234206,lo,172.00,172.00,344.00,172,172,3.00,3.00,6.00,3,3,0.00,0.00,0,0
1535234206,s1-eth1,1223900.00,26730.00,1250630.00,26730,1223900,422.00,405.00,827.00,405,422,0.00,0.00,0,0
1535234206,eth1,0.00,0.00,0.00,0,0,0.00,0.00,0.00,0,0,0.00,0.00,0,0
1535234206,eth0,0.00,0.00,0.00,0,0,0.00,0.00,0.00,0,0,0.00,0.00,0,0
1535234206,total,1250802.00,1250802.00,2501604.00,1250802,1250802,830.00,830.00,1660.00,830,830,0.00,0.00,0,0
1535234207,s1-eth2,25410.00,1167622.00,1193032.00,1167622,25410,385.00,403.00,788.00,403,385,0.00,0.00,0,0
1535234207,lo,0.00,0.00,0.00,0,0,0.00,0.00,0.00,0,0,0.00,0.00,0,0
1535234207,s1-eth1,1167622.00,25410.00,1193032.00,25410,1167622,403.00,385.00,788.00,385,403,0.00,0.00,0,0
1535234207,eth1,0.00,0.00,0.00,0,0,0.00,0.00,0.00,0,0,0.00,0.00,0,0
1535234207,eth0,0.00,0.00,0.00,0,0,0.00,0.00,0.00,0,0,0.00,0.00,0,0
1535234207,total,1193032.00,1193032.00,2386064.00,1193032,1193032,788.00,788.00,1576.00,788,788,0.00,0.00,0,0
1535234208,s1-eth2,26664.00,1223900.00,1250564.00,1223900,26664,404.00,422.00,826.00,422,404,0.00,0.00,0,0
1535234208,lo,0.00,0.00,0.00,0,0,0.00,0.00,0.00,0,0,0.00,0.00,0,0
1535234208,s1-eth1,1223900.00,26664.00,1250564.00,26664,1223900,422.00,404.00,826.00,404,422,0.00,0.00,0,0
1535234208,eth1,0.00,0.00,0.00,0,0,0.00,0.00,0.00,0,0,0.00,0.00,0,0
1535234208,eth0,0.00,0.00,0.00,0,0,0.00,0.00,0.00,0,0,0.00,0.00,0,0
1535234208,total,1250564.00,1250564.00,2501128.00,1250564,1250564,826.00,826.00,1652.00,826,826,0.00,0.00,0,0
1535234209,s1-eth2,26664.00,1222452.00,1249116.00,1222452,26664,404.00,422.00,826.00,422,404,0.00,0.00,0,0
1535234209,lo,0.00,0.00,0.00,0,0,0.00,0.00,0.00,0,0,0.00,0.00,0,0
1535234209,s1-eth1,1222452.00,26598.00,1249050.00,26598,1222452,422.00,403.00,825.00,403,422,0.00,0.00,0,0
1535234209,eth1,0.00,0.00,0.00,0,0,0.00,0.00,0.00,0,0,0.00,0.00,0,0
1535234209,eth0,0.00,0.00,0.00,0,0,0.00,0.00,0.00,0,0,0.00,0.00,0,0
1535234209,total,1249116.00,1249050.00,2498166.00,1249050,1249116,826.00,825.00,1651.00,825,826,0.00,0.00,0,0
1535234210,s1-eth2,25674.00,1225352.00,1251026.00,1225352,25674,389.00,444.00,833.00,444,389,0.00,0.00,0,0
1535234210,lo,0.00,0.00,0.00,0,0,0.00,0.00,0.00,0,0,0.00,0.00,0,0
1535234210,s1-eth1,1225352.00,25674.00,1251026.00,25674,1225352,444.00,389.00,833.00,389,444,0.00,0.00,0,0
1535234210,eth1,0.00,0.00,0.00,0,0,0.00,0.00,0.00,0,0,0.00,0.00,0,0
1535234210,eth0,0.00,0.00,0.00,0,0,0.00,0.00,0.00,0,0,0.00,0.00,0,0
1535234210,total,1251026.00,1251026.00,2502052.00,1251026,1251026,833.00,833.00,1666.00,833,833,0.00,0.00,0,0
1535234211,s1-eth2,26598.00,1223900.00,1250498.00,1223900,26598,403.00,422.00,825.00,422,403,0.00,0.00,0,0
1535234211,lo,172.00,172.00,344.00,172,172,3.00,3.00,6.00,3,3,0.00,0.00,0,0
1535234211,s1-eth1,1223900.00,26598.00,1250498.00,26598,1223900,422.00,403.00,825.00,403,422,0.00,0.00,0,0
1535234211,eth1,0.00,0.00,0.00,0,0,0.00,0.00,0.00,0,0,0.00,0.00,0,0
1535234211,eth0,0.00,0.00,0.00,0,0,0.00,0.00,0.00,0,0,0.00,0.00,0,0
1535234211,total,1250670.00,1250670.00,2501340.00,1250670,1250670,828.00,828.00,1656.00,828,828,0.00,0.00,0,0
1535234212,s1-eth2,26598.00,1222452.00,1249050.00,1222452,26598,403.00,422.00,825.00,422,403,0.00,0.00,0,0
1535234212,lo,0.00,0.00,0.00,0,0,0.00,0.00,0.00,0,0,0.00,0.00,0,0
1535234212,s1-eth1,1222452.00,26598.00,1249050.00,26598,1222452,422.00,403.00,825.00,403,422,0.00,0.00,0,0
1535234212,eth1,0.00,0.00,0.00,0,0,0.00,0.00,0.00,0,0,0.00,0.00,0,0
1535234212,eth0,0.00,0.00,0.00,0,0,0.00,0.00,0.00,0,0,0.00,0.00,0,0
1535234212,total,1249050.00,1249050.00,2498100.00,1249050,1249050,825.00,825.00,1650.00,825,825,0.00,0.00,0,0
1535234213,s1-eth2,26664.00,1223900.00,1250564.00,1223900,26664,404.00,422.00,826.00,422,404,0.00,0.00,0,0
1535234213,lo,0.00,0.00,0.00,0,0,0.00,0.00,0.00,0,0,0.00,0.00,0,0
1535234213,s1-eth1,1223900.00,26664.00,1250564.00,26664,1223900,422.00,404.00,826.00,404,422,0.00,0.00,0,0
1535234213,eth1,0.00,0.00,0.00,0,0,0.00,0.00,0.00,0,0,0.00,0.00,0,0
1535234213,eth0,0.00,0.00,0.00,0,0,0.00,0.00,0.00,0,0,0.00,0.00,0,0
1535234213,total,1250564.00,1250564.00,2501128.00,1250564,1250564,826.00,826.00,1652.00,826,826,0.00,0.00,0,0
1535234214,s1-eth2,26664.00,1223900.00,1250564.00,1223900,26664,404.00,422.00,826.00,422,404,0.00,0.00,0,0
1535234214,lo,0.00,0.00,0.00,0,0,0.00,0.00,0.00,0,0,0.00,0.00,0,0
1535234214,s1-eth1,1223900.00,26664.00,1250564.00,26664,1223900,422.00,404.00,826.00,404,422,0.00,0.00,0,0
1535234214,eth1,0.00,0.00,0.00,0,0,0.00,0.00,0.00,0,0,0.00,0.00,0,0
1535234214,eth0,0.00,0.00,0.00,0,0,0.00,0.00,0.00,0,0,0.00,0.00,0,0
1535234214,total,1250564.00,1250564.00,2501128.00,1250564,1250564,826.00,826.00,1652.00,826,826,0.00,0.00,0,0
1535234215,s1-eth2,26598.00,1222452.00,1249050.00,1222452,26598,403.00,422.00,825.00,422,403,0.00,0.00,0,0
1535234215,lo,0.00,0.00,0.00,0,0,0.00,0.00,0.00,0,0,0.00,0.00,0,0
1535234215,s1-eth1,1222452.00,26664.00,1249116.00,26664,1222452,422.00,404.00,826.00,404,422,0.00,0.00,0,0
1535234215,eth1,0.00,0.00,0.00,0,0,0.00,0.00,0.00,0,0,0.00,0.00,0,0
1535234215,eth0,0.00,0.00,0.00,0,0,0.00,0.00,0.00,0,0,0.00,0.00,0,0
1535234215,total,1249050.00,1249116.00,2498166.00,1249116,1249050,825.00,826.00,1651.00,826,825,0.00,0.00,0,0
1535234216,s1-eth2,25872.00,1226866.00,1252738.00,1226866,25872,392.00,445.00,837.00,445,392,0.00,0.00,0,0
1535234216,lo,172.00,172.00,344.00,172,172,3.00,3.00,6.00,3,3,0.00,0.00,0,0
1535234216,s1-eth1,1226866.00,25806.00,1252672.00,25806,1226866,445.00,391.00,836.00,391,445,0.00,0.00,0,0
1535234216,eth1,0.00,0.00,0.00,0,0,0.00,0.00,0.00,0,0,0.00,0.00,0,0
1535234216,eth0,0.00,0.00,0.00,0,0,0.00,0.00,0.00,0,0,0.00,0.00,0,0
1535234216,total,1252910.00,1252844.00,2505754.00,1252844,1252910,840.00,839.00,1679.00,839,840,0.00,0.00,0,0
1535234217,s1-eth2,26466.00,1222584.00,1249050.00,1222584,26466,401.00,424.00,825.00,424,401,0.00,0.00,0,0
1535234217,lo,0.00,0.00,0.00,0,0,0.00,0.00,0.00,0,0,0.00,0.00,0,0
1535234217,s1-eth1,1222584.00,26532.00,1249116.00,26532,1222584,424.00,402.00,826.00,402,424,0.00,0.00,0,0
1535234217,eth1,0.00,0.00,0.00,0,0,0.00,0.00,0.00,0,0,0.00,0.00,0,0
1535234217,eth0,0.00,0.00,0.00,0,0,0.00,0.00,0.00,0,0,0.00,0.00,0,0
1535234217,total,1249050.00,1249116.00,2498166.00,1249116,1249050,825.00,826.00,1651.00,826,825,0.00,0.00,0,0
1535234218,s1-eth2,26664.00,1225414.00,1252078.00,1225414,26664,404.00,423.00,827.00,423,404,0.00,0.00,0,0
1535234218,lo,0.00,0.00,0.00,0,0,0.00,0.00,0.00,0,0,0.00,0.00,0,0
1535234218,s1-eth1,1225414.00,26598.00,1252012.00,26598,1225414,423.00,403.00,826.00,403,423,0.00,0.00,0,0
1535234218,eth1,0.00,0.00,0.00,0,0,0.00,0.00,0.00,0,0,0.00,0.00,0,0
1535234218,eth0,0.00,0.00,0.00,0,0,0.00,0.00,0.00,0,0,0.00,0.00,0,0
1535234218,total,1252078.00,1252012.00,2504090.00,1252012,1252078,827.00,826.00,1653.00,826,827,0.00,0.00,0,0
1535234219,s1-eth2,26664.00,1220938.00,1247602.00,1220938,26664,404.00,421.00,825.00,421,404,0.00,0.00,0,0
1535234219,lo,0.00,0.00,0.00,0,0,0.00,0.00,0.00,0,0,0.00,0.00,0,0
1535234219,s1-eth1,1220938.00,26664.00,1247602.00,26664,1220938,421.00,404.00,825.00,404,421,0.00,0.00,0,0
1535234219,eth1,0.00,0.00,0.00,0,0,0.00,0.00,0.00,0,0,0.00,0.00,0,0
1535234219,eth0,0.00,0.00,0.00,0,0,0.00,0.00,0.00,0,0,0.00,0.00,0,0
1535234219,total,1247602.00,1247602.00,2495204.00,1247602,1247602,825.00,825.00,1650.00,825,825,0.00,0.00,0,0
1535234220,s1-eth2,26598.00,1225414.00,1252012.00,1225414,26598,403.00,423.00,826.00,423,403,0.00,0.00,0,0
1535234220,lo,0.00,0.00,0.00,0,0,0.00,0.00,0.00,0,0,0.00,0.00,0,0
1535234220,s1-eth1,1223900.00,26664.00,1250564.00,26664,1223900,422.00,404.00,826.00,404,422,0.00,0.00,0,0
1535234220,eth1,0.00,0.00,0.00,0,0,0.00,0.00,0.00,0,0,0.00,0.00,0,0
1535234220,eth0,0.00,0.00,0.00,0,0,0.00,0.00,0.00,0,0,0.00,0.00,0,0
1535234220,total,1250498.00,1252078.00,2502576.00,1252078,1250498,825.00,827.00,1652.00,827,825,0.00,0.00,0,0
1535234221,s1-eth2,26664.00,1223900.00,1250564.00,1223900,26664,404.00,422.00,826.00,422,404,0.00,0.00,0,0
1535234221,lo,172.00,172.00,344.00,172,172,3.00,3.00,6.00,3,3,0.00,0.00,0,0
1535234221,s1-eth1,1225414.00,26598.00,1252012.00,26598,1225414,423.00,403.00,826.00,403,423,0.00,0.00,0,0
1535234221,eth1,0.00,0.00,0.00,0,0,0.00,0.00,0.00,0,0,0.00,0.00,0,0
1535234221,eth0,0.00,0.00,0.00,0,0,0.00,0.00,0.00,0,0,0.00,0.00,0,0
1535234221,total,1252250.00,1250670.00,2502920.00,1250670,1252250,830.00,828.00,1658.00,828,830,0.00,0.00,0,0
1535234222,s1-eth2,26664.00,1223900.00,1250564.00,1223900,26664,404.00,422.00,826.00,422,404,0.00,0.00,0,0
1535234222,lo,0.00,0.00,0.00,0,0,0.00,0.00,0.00,0,0,0.00,0.00,0,0
1535234222,s1-eth1,1223900.00,26664.00,1250564.00,26664,1223900,422.00,404.00,826.00,404,422,0.00,0.00,0,0
1535234222,eth1,0.00,0.00,0.00,0,0,0.00,0.00,0.00,0,0,0.00,0.00,0,0
1535234222,eth0,0.00,0.00,0.00,0,0,0.00,0.00,0.00,0,0,0.00,0.00,0,0
1535234222,total,1250564.00,1250564.00,2501128.00,1250564,1250564,826.00,826.00,1652.00,826,826,0.00,0.00,0,0
1535234223,s1-eth2,25806.00,1223508.00,1249314.00,1223508,25806,391.00,438.00,829.00,438,391,0.00,0.00,0,0
1535234223,lo,0.00,0.00,0.00,0,0,0.00,0.00,0.00,0,0,0.00,0.00,0,0
1535234223,s1-eth1,1223508.00,25872.00,1249380.00,25872,1223508,438.00,392.00,830.00,392,438,0.00,0.00,0,0
1535234223,eth1,0.00,0.00,0.00,0,0,0.00,0.00,0.00,0,0,0.00,0.00,0,0
1535234223,eth0,0.00,0.00,0.00,0,0,0.00,0.00,0.00,0,0,0.00,0.00,0,0
1535234223,total,1249314.00,1249380.00,2498694.00,1249380,1249314,829.00,830.00,1659.00,830,829,0.00,0.00,0,0
1535234224,s1-eth2,26664.00,1223900.00,1250564.00,1223900,26664,404.00,422.00,826.00,422,404,0.00,0.00,0,0
1535234224,lo,0.00,0.00,0.00,0,0,0.00,0.00,0.00,0,0,0.00,0.00,0,0
1535234224,s1-eth1,1223900.00,26664.00,1250564.00,26664,1223900,422.00,404.00,826.00,404,422,0.00,0.00,0,0
1535234224,eth1,0.00,0.00,0.00,0,0,0.00,0.00,0.00,0,0,0.00,0.00,0,0
1535234224,eth0,0.00,0.00,0.00,0,0,0.00,0.00,0.00,0,0,0.00,0.00,0,0
1535234224,total,1250564.00,1250564.00,2501128.00,1250564,1250564,826.00,826.00,1652.00,826,826,0.00,0.00,0,0
1535234225,s1-eth2,26664.00,1223900.00,1250564.00,1223900,26664,404.00,422.00,826.00,422,404,0.00,0.00,0,0
1535234225,lo,0.00,0.00,0.00,0,0,0.00,0.00,0.00,0,0,0.00,0.00,0,0
1535234225,s1-eth1,1223900.00,26664.00,1250564.00,26664,1223900,422.00,404.00,826.00,404,422,0.00,0.00,0,0
1535234225,eth1,0.00,0.00,0.00,0,0,0.00,0.00,0.00,0,0,0.00,0.00,0,0
1535234225,eth0,0.00,0.00,0.00,0,0,0.00,0.00,0.00,0,0,0.00,0.00,0,0
1535234225,total,1250564.00,1250564.00,2501128.00,1250564,1250564,826.00,826.00,1652.00,826,826,0.00,0.00,0,0
1535234226,s1-eth2,26664.00,1222452.00,1249116.00,1222452,26664,404.00,422.00,826.00,422,404,0.00,0.00,0,0
1535234226,lo,172.00,172.00,344.00,172,172,3.00,3.00,6.00,3,3,0.00,0.00,0,0
1535234226,s1-eth1,1222452.00,26598.00,1249050.00,26598,1222452,422.00,403.00,825.00,403,422,0.00,0.00,0,0
1535234226,eth1,0.00,0.00,0.00,0,0,0.00,0.00,0.00,0,0,0.00,0.00,0,0
1535234226,eth0,0.00,0.00,0.00,0,0,0.00,0.00,0.00,0,0,0.00,0.00,0,0
1535234226,total,1249288.00,1249222.00,2498510.00,1249222,1249288,829.00,828.00,1657.00,828,829,0.00,0.00,0,0
1535234227,s1-eth2,26598.00,1223900.00,1250498.00,1223900,26598,403.00,422.00,825.00,422,403,0.00,0.00,0,0
1535234227,lo,0.00,0.00,0.00,0,0,0.00,0.00,0.00,0,0,0.00,0.00,0,0
1535234227,s1-eth1,1223900.00,26664.00,1250564.00,26664,1223900,422.00,404.00,826.00,404,422,0.00,0.00,0,0
1535234227,eth1,0.00,0.00,0.00,0,0,0.00,0.00,0.00,0,0,0.00,0.00,0,0
1535234227,eth0,87.00,0.00,87.00,0,87,1.00,0.00,1.00,0,1,0.00,0.00,0,0
1535234227,total,1250585.00,1250564.00,2501149.00,1250564,1250585,826.00,826.00,1652.00,826,826,0.00,0.00,0,0
1535234228,s1-eth2,26574.00,1225588.00,1252162.00,1225588,26574,403.00,426.00,829.00,426,403,0.00,0.00,0,0
1535234228,lo,296.00,296.00,592.00,296,296,3.00,3.00,6.00,3,3,0.00,0.00,0,0
1535234228,s1-eth1,1224074.00,26574.00,1250648.00,26574,1224074,425.00,403.00,828.00,403,425,0.00,0.00,0,0
1535234228,eth1,87.00,0.00,87.00,0,87,1.00,0.00,1.00,0,1,0.00,0.00,0,0
1535234228,eth0,0.00,0.00,0.00,0,0,0.00,0.00,0.00,0,0,0.00,0.00,0,0
1535234228,total,1251031.00,1252458.00,2503489.00,1252458,1251031,832.00,832.00,1664.00,832,832,0.00,0.00,0,0
1535234229,s1-eth2,25872.00,1225220.00,1251092.00,1225220,25872,392.00,442.00,834.00,442,392,0.00,0.00,0,0
1535234229,lo,0.00,0.00,0.00,0,0,0.00,0.00,0.00,0,0,0.00,0.00,0,0
1535234229,s1-eth1,1226734.00,25806.00,1252540.00,25806,1226734,443.00,391.00,834.00,391,443,0.00,0.00,0,0
1535234229,eth1,0.00,0.00,0.00,0,0,0.00,0.00,0.00,0,0,0.00,0.00,0,0
1535234229,eth0,0.00,0.00,0.00,0,0,0.00,0.00,0.00,0,0,0.00,0.00,0,0
1535234229,total,1252606.00,1251026.00,2503632.00,1251026,1252606,835.00,833.00,1668.00,833,835,0.00,0.00,0,0
1535234230,s1-eth2,26664.00,1223900.00,1250564.00,1223900,26664,404.00,422.00,826.00,422,404,0.00,0.00,0,0
1535234230,lo,0.00,0.00,0.00,0,0,0.00,0.00,0.00,0,0,0.00,0.00,0,0
1535234230,s1-eth1,1223900.00,26664.00,1250564.00,26664,1223900,422.00,404.00,826.00,404,422,0.00,0.00,0,0
1535234230,eth1,0.00,0.00,0.00,0,0,0.00,0.00,0.00,0,0,0.00,0.00,0,0
1535234230,eth0,0.00,0.00,0.00,0,0,0.00,0.00,0.00,0,0,0.00,0.00,0,0
1535234230,total,1250564.00,1250564.00,2501128.00,1250564,1250564,826.00,826.00,1652.00,826,826,0.00,0.00,0,0
1535234231,s1-eth2,26664.00,1220938.00,1247602.00,1220938,26664,404.00,421.00,825.00,421,404,0.00,0.00,0,0
1535234231,lo,0.00,0.00,0.00,0,0,0.00,0.00,0.00,0,0,0.00,0.00,0,0
1535234231,s1-eth1,1220938.00,26664.00,1247602.00,26664,1220938,421.00,404.00,825.00,404,421,0.00,0.00,0,0
1535234231,eth1,0.00,0.00,0.00,0,0,0.00,0.00,0.00,0,0,0.00,0.00,0,0
1535234231,eth0,0.00,0.00,0.00,0,0,0.00,0.00,0.00,0,0,0.00,0.00,0,0
1535234231,total,1247602.00,1247602.00,2495204.00,1247602,1247602,825.00,825.00,1650.00,825,825,0.00,0.00,0,0
1535234232,s1-eth2,26004.00,1197242.00,1223246.00,1197242,26004,394.00,413.00,807.00,413,394,0.00,0.00,0,0
1535234232,lo,0.00,0.00,0.00,0,0,0.00,0.00,0.00,0,0,0.00,0.00,0,0
1535234232,s1-eth1,1197242.00,26070.00,1223312.00,26070,1197242,413.00,395.00,808.00,395,413,0.00,0.00,0,0
1535234232,eth1,0.00,0.00,0.00,0,0,0.00,0.00,0.00,0,0,0.00,0.00,0,0
1535234232,eth0,11888.00,560701.00,572589.00,560701,11888,170.00,522.00,692.00,522,170,0.00,0.00,0,0
1535234232,total,1235134.00,1784013.00,3019147.00,1784013,1235134,977.00,1330.00,2307.00,1330,977,0.00,0.00,0,0
1535234233,s1-eth2,26664.00,1225414.00,1252078.00,1225414,26664,404.00,423.00,827.00,423,404,0.00,0.00,0,0
1535234233,lo,172.00,172.00,344.00,172,172,3.00,3.00,6.00,3,3,0.00,0.00,0,0
1535234233,s1-eth1,1225414.00,26598.00,1252012.00,26598,1225414,423.00,403.00,826.00,403,423,0.00,0.00,0,0
1535234233,eth1,0.00,86.00,86.00,86,0,0.00,1.00,1.00,1,0,0.00,0.00,0,0
1535234233,eth0,0.00,0.00,0.00,0,0,0.00,0.00,0.00,0,0,0.00,0.00,0,0
1535234233,total,1252250.00,1252270.00,2504520.00,1252270,1252250,830.00,830.00,1660.00,830,830,0.00,0.00,0,0
1535234234,s1-eth2,26664.00,1223900.00,1250564.00,1223900,26664,404.00,422.00,826.00,422,404,0.00,0.00,0,0
1535234234,lo,0.00,0.00,0.00,0,0,0.00,0.00,0.00,0,0,0.00,0.00,0,0
1535234234,s1-eth1,1223900.00,26664.00,1250564.00,26664,1223900,422.00,404.00,826.00,404,422,0.00,0.00,0,0
1535234234,eth1,0.00,0.00,0.00,0,0,0.00,0.00,0.00,0,0,0.00,0.00,0,0
1535234234,eth0,0.00,0.00,0.00,0,0,0.00,0.00,0.00,0,0,0.00,0.00,0,0
1535234234,total,1250564.00,1250564.00,2501128.00,1250564,1250564,826.00,826.00,1652.00,826,826,0.00,0.00,0,0
1535234235,s1-eth2,26598.00,1220938.00,1247536.00,1220938,26598,403.00,421.00,824.00,421,403,0.00,0.00,0,0
1535234235,lo,0.00,0.00,0.00,0,0,0.00,0.00,0.00,0,0,0.00,0.00,0,0
1535234235,s1-eth1,1220938.00,26664.00,1247602.00,26664,1220938,421.00,404.00,825.00,404,421,0.00,0.00,0,0
1535234235,eth1,0.00,0.00,0.00,0,0,0.00,0.00,0.00,0,0,0.00,0.00,0,0
1535234235,eth0,0.00,0.00,0.00,0,0,0.00,0.00,0.00,0,0,0.00,0.00,0,0
1535234235,total,1247536.00,1247602.00,2495138.00,1247602,1247536,824.00,825.00,1649.00,825,824,0.00,0.00,0,0
1535234236,s1-eth2,26664.00,1225414.00,1252078.00,1225414,26664,404.00,423.00,827.00,423,404,0.00,0.00,0,0
1535234236,lo,0.00,0.00,0.00,0,0,0.00,0.00,0.00,0,0,0.00,0.00,0,0
1535234236,s1-eth1,1225414.00,26598.00,1252012.00,26598,1225414,423.00,403.00,826.00,403,423,0.00,0.00,0,0
1535234236,eth1,0.00,0.00,0.00,0,0,0.00,0.00,0.00,0,0,0.00,0.00,0,0
1535234236,eth0,0.00,0.00,0.00,0,0,0.00,0.00,0.00,0,0,0.00,0.00,0,0
1535234236,total,1252078.00,1252012.00,2504090.00,1252012,1252078,827.00,826.00,1653.00,826,827,0.00,0.00,0,0
1535234237,s1-eth2,26664.00,1223900.00,1250564.00,1223900,26664,404.00,422.00,826.00,422,404,0.00,0.00,0,0
1535234237,lo,0.00,0.00,0.00,0,0,0.00,0.00,0.00,0,0,0.00,0.00,0,0
1535234237,s1-eth1,1223900.00,26664.00,1250564.00,26664,1223900,422.00,404.00,826.00,404,422,0.00,0.00,0,0
1535234237,eth1,0.00,0.00,0.00,0,0,0.00,0.00,0.00,0,0,0.00,0.00,0,0
1535234237,eth0,0.00,0.00,0.00,0,0,0.00,0.00,0.00,0,0,0.00,0.00,0,0
1535234237,total,1250564.00,1250564.00,2501128.00,1250564,1250564,826.00,826.00,1652.00,826,826,0.00,0.00,0,0
1535234238,s1-eth2,26664.00,1223900.00,1250564.00,1223900,26664,404.00,422.00,826.00,422,404,0.00,0.00,0,0
1535234238,lo,172.00,172.00,344.00,172,172,3.00,3.00,6.00,3,3,0.00,0.00,0,0
1535234238,s1-eth1,1223900.00,26664.00,1250564.00,26664,1223900,422.00,404.00,826.00,404,422,0.00,0.00,0,0
1535234238,eth1,0.00,0.00,0.00,0,0,0.00,0.00,0.00,0,0,0.00,0.00,0,0
1535234238,eth0,0.00,0.00,0.00,0,0,0.00,0.00,0.00,0,0,0.00,0.00,0,0
1535234238,total,1250736.00,1250736.00,2501472.00,1250736,1250736,829.00,829.00,1658.00,829,829,0.00,0.00,0,0
1535234239,s1-eth2,26598.00,1222452.00,1249050.00,1222452,26598,403.00,422.00,825.00,422,403,0.00,0.00,0,0
1535234239,lo,0.00,0.00,0.00,0,0,0.00,0.00,0.00,0,0,0.00,0.00,0,0
1535234239,s1-eth1,1222452.00,26664.00,1249116.00,26664,1222452,422.00,404.00,826.00,404,422,0.00,0.00,0,0
1535234239,eth1,0.00,0.00,0.00,0,0,0.00,0.00,0.00,0,0,0.00,0.00,0,0
1535234239,eth0,0.00,0.00,0.00,0,0,0.00,0.00,0.00,0,0,0.00,0.00,0,0
1535234239,total,1249050.00,1249116.00,2498166.00,1249116,1249050,825.00,826.00,1651.00,826,825,0.00,0.00,0,0
1535234240,s1-eth2,25806.00,1224890.00,1250696.00,1224890,25806,391.00,437.00,828.00,437,391,0.00,0.00,0,0
1535234240,lo,0.00,0.00,0.00,0,0,0.00,0.00,0.00,0,0,0.00,0.00,0,0
1535234240,s1-eth1,1224890.00,25806.00,1250696.00,25806,1224890,437.00,391.00,828.00,391,437,0.00,0.00,0,0
1535234240,eth1,0.00,0.00,0.00,0,0,0.00,0.00,0.00,0,0,0.00,0.00,0,0
1535234240,eth0,0.00,0.00,0.00,0,0,0.00,0.00,0.00,0,0,0.00,0.00,0,0
1535234240,total,1250696.00,1250696.00,2501392.00,1250696,1250696,828.00,828.00,1656.00,828,828,0.00,0.00,0,0
1535234241,s1-eth2,26664.00,1222452.00,1249116.00,1222452,26664,404.00,422.00,826.00,422,404,0.00,0.00,0,0
1535234241,lo,0.00,0.00,0.00,0,0,0.00,0.00,0.00,0,0,0.00,0.00,0,0
1535234241,s1-eth1,1223900.00,26598.00,1250498.00,26598,1223900,422.00,403.00,825.00,403,422,0.00,0.00,0,0
1535234241,eth1,0.00,0.00,0.00,0,0,0.00,0.00,0.00,0,0,0.00,0.00,0,0
1535234241,eth0,0.00,0.00,0.00,0,0,0.00,0.00,0.00,0,0,0.00,0.00,0,0
1535234241,total,1250564.00,1249050.00,2499614.00,1249050,1250564,826.00,825.00,1651.00,825,826,0.00,0.00,0,0
1535234242,s1-eth2,26598.00,1223900.00,1250498.00,1223900,26598,403.00,422.00,825.00,422,403,0.00,0.00,0,0
1535234242,lo,0.00,0.00,0.00,0,0,0.00,0.00,0.00,0,0,0.00,0.00,0,0
1535234242,s1-eth1,1222452.00,26664.00,1249116.00,26664,1222452,422.00,404.00,826.00,404,422,0.00,0.00,0,0
1535234242,eth1,0.00,0.00,0.00,0,0,0.00,0.00,0.00,0,0,0.00,0.00,0,0
1535234242,eth0,180.00,180.00,360.00,180,180,3.00,3.00,6.00,3,3,0.00,0.00,0,0
1535234242,total,1249230.00,1250744.00,2499974.00,1250744,1249230,828.00,829.00,1657.00,829,828,0.00,0.00,0,0
1535234243,s1-eth2,26664.00,1223900.00,1250564.00,1223900,26664,404.00,422.00,826.00,422,404,0.00,0.00,0,0
1535234243,lo,172.00,172.00,344.00,172,172,3.00,3.00,6.00,3,3,0.00,0.00,0,0
1535234243,s1-eth1,1223900.00,26598.00,1250498.00,26598,1223900,422.00,403.00,825.00,403,422,0.00,0.00,0,0
1535234243,eth1,0.00,0.00,0.00,0,0,0.00,0.00,0.00,0,0,0.00,0.00,0,0
1535234243,eth0,0.00,0.00,0.00,0,0,0.00,0.00,0.00,0,0,0.00,0.00,0,0
1535234243,total,1250736.00,1250670.00,2501406.00,1250670,1250736,829.00,828.00,1657.00,828,829,0.00,0.00,0,0
1535234244,s1-eth2,26664.00,1222452.00,1249116.00,1222452,26664,404.00,422.00,826.00,422,404,0.00,0.00,0,0
1535234244,lo,0.00,0.00,0.00,0,0,0.00,0.00,0.00,0,0,0.00,0.00,0,0
1535234244,s1-eth1,1222452.00,26664.00,1249116.00,26664,1222452,422.00,404.00,826.00,404,422,0.00,0.00,0,0
1535234244,eth1,0.00,0.00,0.00,0,0,0.00,0.00,0.00,0,0,0.00,0.00,0,0
1535234244,eth0,0.00,0.00,0.00,0,0,0.00,0.00,0.00,0,0,0.00,0.00,0,0
1535234244,total,1249116.00,1249116.00,2498232.00,1249116,1249116,826.00,826.00,1652.00,826,826,0.00,0.00,0,0
1535234245,s1-eth2,26598.00,1223900.00,1250498.00,1223900,26598,403.00,422.00,825.00,422,403,0.00,0.00,0,0
1535234245,lo,0.00,0.00,0.00,0,0,0.00,0.00,0.00,0,0,0.00,0.00,0,0
1535234245,s1-eth1,1223900.00,26664.00,1250564.00,26664,1223900,422.00,404.00,826.00,404,422,0.00,0.00,0,0
1535234245,eth1,0.00,0.00,0.00,0,0,0.00,0.00,0.00,0,0,0.00,0.00,0,0
1535234245,eth0,0.00,0.00,0.00,0,0,0.00,0.00,0.00,0,0,0.00,0.00,0,0
1535234245,total,1250498.00,1250564.00,2501062.00,1250564,1250498,825.00,826.00,1651.00,826,825,0.00,0.00,0,0
1535234246,s1-eth2,26532.00,1225810.00,1252342.00,1225810,26532,402.00,429.00,831.00,429,402,0.00,0.00,0,0
1535234246,lo,0.00,0.00,0.00,0,0,0.00,0.00,0.00,0,0,0.00,0.00,0,0
1535234246,s1-eth1,1224296.00,26532.00,1250828.00,26532,1224296,428.00,402.00,830.00,402,428,0.00,0.00,0,0
1535234246,eth1,0.00,0.00,0.00,0,0,0.00,0.00,0.00,0,0,0.00,0.00,0,0
1535234246,eth0,0.00,0.00,0.00,0,0,0.00,0.00,0.00,0,0,0.00,0.00,0,0
1535234246,total,1250828.00,1252342.00,2503170.00,1252342,1250828,830.00,831.00,1661.00,831,830,0.00,0.00,0,0
1535234247,s1-eth2,26070.00,1224560.00,1250630.00,1224560,26070,395.00,432.00,827.00,432,395,0.00,0.00,0,0
1535234247,lo,0.00,0.00,0.00,0,0,0.00,0.00,0.00,0,0,0.00,0.00,0,0
1535234247,s1-eth1,1226074.00,26004.00,1252078.00,26004,1226074,433.00,394.00,827.00,394,433,0.00,0.00,0,0
1535234247,eth1,0.00,0.00,0.00,0,0,0.00,0.00,0.00,0,0,0.00,0.00,0,0
1535234247,eth0,0.00,0.00,0.00,0,0,0.00,0.00,0.00,0,0,0.00,0.00,0,0
1535234247,total,1252144.00,1250564.00,2502708.00,1250564,1252144,828.00,826.00,1654.00,826,828,0.00,0.00,0,0
1535234248,s1-eth2,26664.00,1223900.00,1250564.00,1223900,26664,404.00,422.00,826.00,422,404,0.00,0.00,0,0
1535234248,lo,172.00,172.00,344.00,172,172,3.00,3.00,6.00,3,3,0.00,0.00,0,0
1535234248,s1-eth1,1223900.00,26664.00,1250564.00,26664,1223900,422.00,404.00,826.00,404,422,0.00,0.00,0,0
1535234248,eth1,0.00,0.00,0.00,0,0,0.00,0.00,0.00,0,0,0.00,0.00,0,0
1535234248,eth0,0.00,0.00,0.00,0,0,0.00,0.00,0.00,0,0,0.00,0.00,0,0
1535234248,total,1250736.00,1250736.00,2501472.00,1250736,1250736,829.00,829.00,1658.00,829,829,0.00,0.00,0,0
1535234249,s1-eth2,26664.00,1223900.00,1250564.00,1223900,26664,404.00,422.00,826.00,422,404,0.00,0.00,0,0
1535234249,lo,0.00,0.00,0.00,0,0,0.00,0.00,0.00,0,0,0.00,0.00,0,0
1535234249,s1-eth1,1223900.00,26664.00,1250564.00,26664,1223900,422.00,404.00,826.00,404,422,0.00,0.00,0,0
1535234249,eth1,0.00,342.00,342.00,342,0,0.00,1.00,1.00,1,0,0.00,0.00,0,0
1535234249,eth0,0.00,0.00,0.00,0,0,0.00,0.00,0.00,0,0,0.00,0.00,0,0
1535234249,total,1250564.00,1250906.00,2501470.00,1250906,1250564,826.00,827.00,1653.00,827,826,0.00,0.00,0,0
1535234250,s1-eth2,26598.00,1222452.00,1249050.00,1222452,26598,403.00,422.00,825.00,422,403,0.00,0.00,0,0
1535234250,lo,0.00,0.00,0.00,0,0,0.00,0.00,0.00,0,0,0.00,0.00,0,0
1535234250,s1-eth1,1222452.00,26664.00,1249116.00,26664,1222452,422.00,404.00,826.00,404,422,0.00,0.00,0,0
1535234250,eth1,0.00,0.00,0.00,0,0,0.00,0.00,0.00,0,0,0.00,0.00,0,0
1535234250,eth0,0.00,0.00,0.00,0,0,0.00,0.00,0.00,0,0,0.00,0.00,0,0
1535234250,total,1249050.00,1249116.00,2498166.00,1249116,1249050,825.00,826.00,1651.00,826,825,0.00,0.00,0,0
1535234251,s1-eth2,26664.00,1223900.00,1250564.00,1223900,26664,404.00,422.00,826.00,422,404,0.00,0.00,0,0
1535234251,lo,0.00,0.00,0.00,0,0,0.00,0.00,0.00,0,0,0.00,0.00,0,0
1535234251,s1-eth1,1223900.00,26598.00,1250498.00,26598,1223900,422.00,403.00,825.00,403,422,0.00,0.00,0,0
1535234251,eth1,0.00,0.00,0.00,0,0,0.00,0.00,0.00,0,0,0.00,0.00,0,0
1535234251,eth0,0.00,0.00,0.00,0,0,0.00,0.00,0.00,0,0,0.00,0.00,0,0
1535234251,total,1250564.00,1250498.00,2501062.00,1250498,1250564,826.00,825.00,1651.00,825,826,0.00,0.00,0,0
1535234252,s1-eth2,26664.00,1223900.00,1250564.00,1223900,26664,404.00,422.00,826.00,422,404,0.00,0.00,0,0
1535234252,lo,0.00,0.00,0.00,0,0,0.00,0.00,0.00,0,0,0.00,0.00,0,0
1535234252,s1-eth1,1223900.00,26664.00,1250564.00,26664,1223900,422.00,404.00,826.00,404,422,0.00,0.00,0,0
1535234252,eth1,0.00,0.00,0.00,0,0,0.00,0.00,0.00,0,0,0.00,0.00,0,0
1535234252,eth0,180.00,180.00,360.00,180,180,3.00,3.00,6.00,3,3,0.00,0.00,0,0
1535234252,total,1250744.00,1250744.00,2501488.00,1250744,1250744,829.00,829.00,1658.00,829,829,0.00,0.00,0,0
1535234253,s1-eth2,25674.00,1223574.00,1249248.00,1223574,25674,389.00,439.00,828.00,439,389,0.00,0.00,0,0
1535234253,lo,172.00,172.00,344.00,172,172,3.00,3.00,6.00,3,3,0.00,0.00,0,0
1535234253,s1-eth1,1223574.00,25740.00,1249314.00,25740,1223574,439.00,390.00,829.00,390,439,0.00,0.00,0,0
1535234253,eth1,0.00,0.00,0.00,0,0,0.00,0.00,0.00,0,0,0.00,0.00,0,0
1535234253,eth0,0.00,0.00,0.00,0,0,0.00,0.00,0.00,0,0,0.00,0.00,0,0
1535234253,total,1249420.00,1249486.00,2498906.00,1249486,1249420,831.00,832.00,1663.00,832,831,0.00,0.00,0,0
1535234254,s1-eth2,26706.00,1223900.00,1250606.00,1223900,26706,405.00,422.00,827.00,422,405,0.00,0.00,0,0
1535234254,lo,0.00,0.00,0.00,0,0,0.00,0.00,0.00,0,0,0.00,0.00,0,0
1535234254,s1-eth1,1223900.00,26706.00,1250606.00,26706,1223900,422.00,405.00,827.00,405,422,0.00,0.00,0,0
1535234254,eth1,0.00,0.00,0.00,0,0,0.00,0.00,0.00,0,0,0.00,0.00,0,0
1535234254,eth0,90.00,90.00,180.00,90,90,1.00,1.00,2.00,1,1,0.00,0.00,0,0
1535234254,total,1250696.00,1250696.00,2501392.00,1250696,1250696,828.00,828.00,1656.00,828,828,0.00,0.00,0,0
1535234255,s1-eth2,26532.00,1218018.00,1244550.00,1218018,26532,402.00,421.00,823.00,421,402,0.00,0.00,0,0
1535234255,lo,0.00,0.00,0.00,0,0,0.00,0.00,0.00,0,0,0.00,0.00,0,0
1535234255,s1-eth1,1218018.00,26466.00,1244484.00,26466,1218018,421.00,401.00,822.00,401,421,0.00,0.00,0,0
1535234255,eth1,0.00,0.00,0.00,0,0,0.00,0.00,0.00,0,0,0.00,0.00,0,0
1535234255,eth0,90.00,90.00,180.00,90,90,1.00,1.00,2.00,1,1,0.00,0.00,0,0
1535234255,total,1244640.00,1244574.00,2489214.00,1244574,1244640,824.00,823.00,1647.00,823,824,0.00,0.00,0,0
1535234256,s1-eth2,26598.00,1222452.00,1249050.00,1222452,26598,403.00,422.00,825.00,422,403,0.00,0.00,0,0
1535234256,lo,0.00,0.00,0.00,0,0,0.00,0.00,0.00,0,0,0.00,0.00,0,0
1535234256,s1-eth1,1222452.00,26598.00,1249050.00,26598,1222452,422.00,403.00,825.00,403,422,0.00,0.00,0,0
1535234256,eth1,0.00,0.00,0.00,0,0,0.00,0.00,0.00,0,0,0.00,0.00,0,0
1535234256,eth0,0.00,0.00,0.00,0,0,0.00,0.00,0.00,0,0,0.00,0.00,0,0
1535234256,total,1249050.00,1249050.00,2498100.00,1249050,1249050,825.00,825.00,1650.00,825,825,0.00,0.00,0,0
1535234257,s1-eth2,26664.00,1223900.00,1250564.00,1223900,26664,404.00,422.00,826.00,422,404,0.00,0.00,0,0
1535234257,lo,0.00,0.00,0.00,0,0,0.00,0.00,0.00,0,0,0.00,0.00,0,0
1535234257,s1-eth1,1223900.00,26664.00,1250564.00,26664,1223900,422.00,404.00,826.00,404,422,0.00,0.00,0,0
1535234257,eth1,0.00,0.00,0.00,0,0,0.00,0.00,0.00,0,0,0.00,0.00,0,0
1535234257,eth0,0.00,0.00,0.00,0,0,0.00,0.00,0.00,0,0,0.00,0.00,0,0
1535234257,total,1250564.00,1250564.00,2501128.00,1250564,1250564,826.00,826.00,1652.00,826,826,0.00,0.00,0,0
1535234258,s1-eth2,26664.00,1223900.00,1250564.00,1223900,26664,404.00,422.00,826.00,422,404,0.00,0.00,0,0
1535234258,lo,172.00,172.00,344.00,172,172,3.00,3.00,6.00,3,3,0.00,0.00,0,0
1535234258,s1-eth1,1223900.00,26664.00,1250564.00,26664,1223900,422.00,404.00,826.00,404,422,0.00,0.00,0,0
1535234258,eth1,0.00,0.00,0.00,0,0,0.00,0.00,0.00,0,0,0.00,0.00,0,0
1535234258,eth0,4359.00,4908.00,9267.00,4908,4359,12.00,12.00,24.00,12,12,0.00,0.00,0,0
1535234258,total,1255095.00,1255644.00,2510739.00,1255644,1255095,841.00,841.00,1682.00,841,841,0.00,0.00,0,0
1535234259,s1-eth2,26334.00,1221202.00,1247536.00,1221202,26334,399.00,425.00,824.00,425,399,0.00,0.00,0,0
1535234259,lo,0.00,0.00,0.00,0,0,0.00,0.00,0.00,0,0,0.00,0.00,0,0
1535234259,s1-eth1,1221202.00,26400.00,1247602.00,26400,1221202,425.00,400.00,825.00,400,425,0.00,0.00,0,0
1535234259,eth1,0.00,0.00,0.00,0,0,0.00,0.00,0.00,0,0,0.00,0.00,0,0
1535234259,eth0,90.00,90.00,180.00,90,90,1.00,1.00,2.00,1,1,0.00,0.00,0,0
1535234259,total,1247626.00,1247692.00,2495318.00,1247692,1247626,825.00,826.00,1651.00,826,825,0.00,0.00,0,0
1535234260,s1-eth2,25872.00,1221008.00,1246880.00,1221008,25872,392.00,444.00,836.00,444,392,0.00,0.00,0,0
1535234260,lo,0.00,0.00,0.00,0,0,0.00,0.00,0.00,0,0,0.00,0.00,0,0
1535234260,s1-eth1,1221008.00,25806.00,1246814.00,25806,1221008,444.00,391.00,835.00,391,444,0.00,0.00,0,0
1535234260,eth1,0.00,0.00,0.00,0,0,0.00,0.00,0.00,0,0,0.00,0.00,0,0
1535234260,eth0,180.00,180.00,360.00,180,180,2.00,2.00,4.00,2,2,0.00,0.00,0,0
1535234260,total,1247060.00,1246994.00,2494054.00,1246994,1247060,838.00,837.00,1675.00,837,838,0.00,0.00,0,0
1535234261,s1-eth2,26598.00,1226862.00,1253460.00,1226862,26598,403.00,423.00,826.00,423,403,0.00,0.00,0,0
1535234261,lo,0.00,0.00,0.00,0,0,0.00,0.00,0.00,0,0,0.00,0.00,0,0
1535234261,s1-eth1,1226862.00,26664.00,1253526.00,26664,1226862,423.00,404.00,827.00,404,423,0.00,0.00,0,0
1535234261,eth1,0.00,0.00,0.00,0,0,0.00,0.00,0.00,0,0,0.00,0.00,0,0
1535234261,eth0,180.00,0.00,180.00,0,180,2.00,0.00,2.00,0,2,0.00,0.00,0,0
1535234261,total,1253640.00,1253526.00,2507166.00,1253526,1253640,828.00,827.00,1655.00,827,828,0.00,0.00,0,0
1535234262,s1-eth2,26664.00,1222452.00,1249116.00,1222452,26664,404.00,422.00,826.00,422,404,0.00,0.00,0,0
1535234262,lo,0.00,0.00,0.00,0,0,0.00,0.00,0.00,0,0,0.00,0.00,0,0
1535234262,s1-eth1,1222452.00,26598.00,1249050.00,26598,1222452,422.00,403.00,825.00,403,422,0.00,0.00,0,0
1535234262,eth1,0.00,0.00,0.00,0,0,0.00,0.00,0.00,0,0,0.00,0.00,0,0
1535234262,eth0,270.00,270.00,540.00,270,270,4.00,4.00,8.00,4,4,0.00,0.00,0,0
1535234262,total,1249386.00,1249320.00,2498706.00,1249320,1249386,830.00,829.00,1659.00,829,830,0.00,0.00,0,0
1535234263,s1-eth2,26664.00,1223900.00,1250564.00,1223900,26664,404.00,422.00,826.00,422,404,0.00,0.00,0,0
1535234263,lo,172.00,172.00,344.00,172,172,3.00,3.00,6.00,3,3,0.00,0.00,0,0
1535234263,s1-eth1,1223900.00,26664.00,1250564.00,26664,1223900,422.00,404.00,826.00,404,422,0.00,0.00,0,0
1535234263,eth1,0.00,86.00,86.00,86,0,0.00,1.00,1.00,1,0,0.00,0.00,0,0
1535234263,eth0,90.00,90.00,180.00,90,90,1.00,1.00,2.00,1,1,0.00,0.00,0,0
1535234263,total,1250826.00,1250912.00,2501738.00,1250912,1250826,830.00,831.00,1661.00,831,830,0.00,0.