1535266058,s3-eth1,0.00,0.00,0.00,0,0,0.00,0.00,0.00,0,0,0.00,0.00,0,0
1535266058,s1-eth2,0.00,0.00,0.00,0,0,0.00,0.00,0.00,0,0,0.00,0.00,0,0
1535266058,s2-eth1,0.00,0.00,0.00,0,0,0.00,0.00,0.00,0,0,0.00,0.00,0,0
1535266058,lo,0.00,0.00,0.00,0,0,0.00,0.00,0.00,0,0,0.00,0.00,0,0
1535266058,s3-eth2,0.00,0.00,0.00,0,0,0.00,0.00,0.00,0,0,0.00,0.00,0,0
1535266058,s1-eth1,0.00,0.00,0.00,0,0,0.00,0.00,0.00,0,0,0.00,0.00,0,0
1535266058,s2-eth2,0.00,0.00,0.00,0,0,0.00,0.00,0.00,0,0,0.00,0.00,0,0
1535266058,eth1,0.00,0.00,0.00,0,0,0.00,0.00,0.00,0,0,0.00,0.00,0,0
1535266058,eth0,0.00,0.00,0.00,0,0,0.00,0.00,0.00,0,0,0.00,0.00,0,0
1535266058,total,0.00,0.00,0.00,0,0,0.00,0.00,0.00,0,0,0.00,0.00,0,0
1535266059,s3-eth1,1223900.00,26664.00,1250564.00,26664,1223900,422.00,404.00,826.00,404,422,0.00,0.00,0,0
1535266059,s1-eth2,26664.00,1223900.00,1250564.00,1223900,26664,404.00,422.00,826.00,422,404,0.00,0.00,0,0
1535266059,s2-eth1,1223900.00,26664.00,1250564.00,26664,1223900,422.00,404.00,826.00,404,422,0.00,0.00,0,0
1535266059,lo,0.00,0.00,0.00,0,0,0.00,0.00,0.00,0,0,0.00,0.00,0,0
1535266059,s3-eth2,26598.00,1223900.00,1250498.00,1223900,26598,403.00,422.00,825.00,422,403,0.00,0.00,0,0
1535266059,s1-eth1,1223900.00,26664.00,1250564.00,26664,1223900,422.00,404.00,826.00,404,422,0.00,0.00,0,0
1535266059,s2-eth2,26664.00,1223900.00,1250564.00,1223900,26664,404.00,422.00,826.00,422,404,0.00,0.00,0,0
1535266059,eth1,0.00,0.00,0.00,0,0,0.00,0.00,0.00,0,0,0.00,0.00,0,0
1535266059,eth0,0.00,0.00,0.00,0,0,0.00,0.00,0.00,0,0,0.00,0.00,0,0
1535266059,total,3751626.00,3751692.00,7503318.00,3751692,3751626,2477.00,2478.00,4955.00,2478,2477,0.00,0.00,0,0
1535266060,s3-eth1,1223900.00,26730.00,1250630.00,26730,1223900,422.00,405.00,827.00,405,422,0.00,0.00,0,0
1535266060,s1-eth2,26730.00,1223900.00,1250630.00,1223900,26730,405.00,422.00,827.00,422,405,0.00,0.00,0,0
1535266060,s2-eth1,1223900.00,26730.00,1250630.00,26730,1223900,422.00,405.00,827.00,405,422,0.00,0.00,0,0
1535266060,lo,0.00,0.00,0.00,0,0,0.00,0.00,0.00,0,0,0.00,0.00,0,0
1535266060,s3-eth2,26730.00,1223900.00,1250630.00,1223900,26730,405.00,422.00,827.00,422,405,0.00,0.00,0,0
1535266060,s1-eth1,1223900.00,26730.00,1250630.00,26730,1223900,422.00,405.00,827.00,405,422,0.00,0.00,0,0
1535266060,s2-eth2,26730.00,1223900.00,1250630.00,1223900,26730,405.00,422.00,827.00,422,405,0.00,0.00,0,0
1535266060,eth1,0.00,0.00,0.00,0,0,0.00,0.00,0.00,0,0,0.00,0.00,0,0
1535266060,eth0,0.00,0.00,0.00,0,0,0.00,0.00,0.00,0,0,0.00,0.00,0,0
1535266060,total,3751890.00,3751890.00,7503780.00,3751890,3751890,2481.00,2481.00,4962.00,2481,2481,0.00,0.00,0,0
1535266061,s3-eth1,1225414.00,26730.00,1252144.00,26730,1225414,423.00,405.00,828.00,405,423,0.00,0.00,0,0
1535266061,s1-eth2,26796.00,1222452.00,1249248.00,1222452,26796,406.00,422.00,828.00,422,406,0.00,0.00,0,0
1535266061,s2-eth1,1222452.00,26796.00,1249248.00,26796,1222452,422.00,406.00,828.00,406,422,0.00,0.00,0,0
1535266061,lo,0.00,0.00,0.00,0,0,0.00,0.00,0.00,0,0,0.00,0.00,0,0
1535266061,s3-eth2,26796.00,1225414.00,1252210.00,1225414,26796,406.00,423.00,829.00,423,406,0.00,0.00,0,0
1535266061,s1-eth1,1225414.00,26730.00,1252144.00,26730,1225414,423.00,405.00,828.00,405,423,0.00,0.00,0,0
1535266061,s2-eth2,26730.00,1225414.00,1252144.00,1225414,26730,405.00,423.00,828.00,423,405,0.00,0.00,0,0
1535266061,eth1,0.00,0.00,0.00,0,0,0.00,0.00,0.00,0,0,0.00,0.00,0,0
1535266061,eth0,0.00,0.00,0.00,0,0,0.00,0.00,0.00,0,0,0.00,0.00,0,0
1535266061,total,3753602.00,3753536.00,7507138.00,3753536,3753602,2485.00,2484.00,4969.00,2484,2485,0.00,0.00,0,0
1535266062,s3-eth1,1223900.00,26664.00,1250564.00,26664,1223900,422.00,404.00,826.00,404,422,0.00,0.00,0,0
1535266062,s1-eth2,26664.00,1223900.00,1250564.00,1223900,26664,404.00,422.00,826.00,422,404,0.00,0.00,0,0
1535266062,s2-eth1,1223900.00,26664.00,1250564.00,26664,1223900,422.00,404.00,826.00,404,422,0.00,0.00,0,0
1535266062,lo,516.00,516.00,1032.00,516,516,9.00,9.00,18.00,9,9,0.00,0.00,0,0
1535266062,s3-eth2,26664.00,1223900.00,1250564.00,1223900,26664,404.00,422.00,826.00,422,404,0.00,0.00,0,0
1535266062,s1-eth1,1223900.00,26664.00,1250564.00,26664,1223900,422.00,404.00,826.00,404,422,0.00,0.00,0,0
1535266062,s2-eth2,26730.00,1223900.00,1250630.00,1223900,26730,405.00,422.00,827.00,422,405,0.00,0.00,0,0
1535266062,eth1,0.00,0.00,0.00,0,0,0.00,0.00,0.00,0,0,0.00,0.00,0,0
1535266062,eth0,0.00,0.00,0.00,0,0,0.00,0.00,0.00,0,0,0.00,0.00,0,0
1535266062,total,3752274.00,3752208.00,7504482.00,3752208,3752274,2488.00,2487.00,4975.00,2487,2488,0.00,0.00,0,0
1535266063,s3-eth1,1220938.00,26598.00,1247536.00,26598,1220938,421.00,403.00,824.00,403,421,0.00,0.00,0,0
1535266063,s1-eth2,26598.00,1220938.00,1247536.00,1220938,26598,403.00,421.00,824.00,421,403,0.00,0.00,0,0
1535266063,s2-eth1,1220938.00,26598.00,1247536.00,26598,1220938,421.00,403.00,824.00,403,421,0.00,0.00,0,0
1535266063,lo,0.00,0.00,0.00,0,0,0.00,0.00,0.00,0,0,0.00,0.00,0,0
1535266063,s3-eth2,26598.00,1217976.00,1244574.00,1217976,26598,403.00,420.00,823.00,420,403,0.00,0.00,0,0
1535266063,s1-eth1,1220938.00,26598.00,1247536.00,26598,1220938,421.00,403.00,824.00,403,421,0.00,0.00,0,0
1535266063,s2-eth2,26532.00,1220938.00,1247470.00,1220938,26532,402.00,421.00,823.00,421,402,0.00,0.00,0,0
1535266063,eth1,0.00,0.00,0.00,0,0,0.00,0.00,0.00,0,0,0.00,0.00,0,0
1535266063,eth0,0.00,0.00,0.00,0,0,0.00,0.00,0.00,0,0,0.00,0.00,0,0
1535266063,total,3742542.00,3739646.00,7482188.00,3739646,3742542,2471.00,2471.00,4942.00,2471,2471,0.00,0.00,0,0
1535266064,s3-eth1,1222452.00,26664.00,1249116.00,26664,1222452,422.00,404.00,826.00,404,422,0.00,0.00,0,0
1535266064,s1-eth2,26598.00,1225414.00,1252012.00,1225414,26598,403.00,423.00,826.00,423,403,0.00,0.00,0,0
1535266064,s2-eth1,1225414.00,26598.00,1252012.00,26598,1225414,423.00,403.00,826.00,403,423,0.00,0.00,0,0
1535266064,lo,0.00,0.00,0.00,0,0,0.00,0.00,0.00,0,0,0.00,0.00,0,0
1535266064,s3-eth2,26598.00,1225414.00,1252012.00,1225414,26598,403.00,423.00,826.00,423,403,0.00,0.00,0,0
1535266064,s1-eth1,1222452.00,26664.00,1249116.00,26664,1222452,422.00,404.00,826.00,404,422,0.00,0.00,0,0
1535266064,s2-eth2,26664.00,1222452.00,1249116.00,1222452,26664,404.00,422.00,826.00,422,404,0.00,0.00,0,0
1535266064,eth1,0.00,86.00,86.00,86,0,0.00,1.00,1.00,1,0,0.00,0.00,0,0
1535266064,eth0,0.00,0.00,0.00,0,0,0.00,0.00,0.00,0,0,0.00,0.00,0,0
1535266064,total,3750178.00,3753292.00,7503470.00,3753292,3750178,2477.00,2480.00,4957.00,2480,2477,0.00,0.00,0,0
1535266065,s3-eth1,1223900.00,26664.00,1250564.00,26664,1223900,422.00,404.00,826.00,404,422,0.00,0.00,0,0
1535266065,s1-eth2,26664.00,1220938.00,1247602.00,1220938,26664,404.00,421.00,825.00,421,404,0.00,0.00,0,0
1535266065,s2-eth1,1220938.00,26664.00,1247602.00,26664,1220938,421.00,404.00,825.00,404,421,0.00,0.00,0,0
1535266065,lo,0.00,0.00,0.00,0,0,0.00,0.00,0.00,0,0,0.00,0.00,0,0
1535266065,s3-eth2,26664.00,1220938.00,1247602.00,1220938,26664,404.00,421.00,825.00,421,404,0.00,0.00,0,0
1535266065,s1-eth1,1223900.00,26664.00,1250564.00,26664,1223900,422.00,404.00,826.00,404,422,0.00,0.00,0,0
1535266065,s2-eth2,26664.00,1223900.00,1250564.00,1223900,26664,404.00,422.00,826.00,422,404,0.00,0.00,0,0
1535266065,eth1,0.00,0.00,0.00,0,0,0.00,0.00,0.00,0,0,0.00,0.00,0,0
1535266065,eth0,0.00,0.00,0.00,0,0,0.00,0.00,0.00,0,0,0.00,0.00,0,0
1535266065,total,3748730.00,3745768.00,7494498.00,3745768,3748730,2477.00,2476.00,4953.00,2476,2477,0.00,0.00,0,0
1535266066,s3-eth1,1225154.00,26202.00,1251356.00,26202,1225154,441.00,397.00,838.00,397,441,0.00,0.00,0,0
1535266066,s1-eth2,26202.00,1226602.00,1252804.00,1226602,26202,397.00,441.00,838.00,441,397,0.00,0.00,0,0
1535266066,s2-eth1,1226602.00,26202.00,1252804.00,26202,1226602,441.00,397.00,838.00,397,441,0.00,0.00,0,0
1535266066,lo,0.00,0.00,0.00,0,0,0.00,0.00,0.00,0,0,0.00,0.00,0,0
1535266066,s3-eth2,26268.00,1226668.00,1252936.00,1226668,26268,398.00,442.00,840.00,442,398,0.00,0.00,0,0
1535266066,s1-eth1,1225088.00,26202.00,1251290.00,26202,1225088,440.00,397.00,837.00,397,440,0.00,0.00,0,0
1535266066,s2-eth2,26202.00,1225154.00,1251356.00,1225154,26202,397.00,441.00,838.00,441,397,0.00,0.00,0,0
1535266066,eth1,0.00,0.00,0.00,0,0,0.00,0.00,0.00,0,0,0.00,0.00,0,0
1535266066,eth0,0.00,0.00,0.00,0,0,0.00,0.00,0.00,0,0,0.00,0.00,0,0
1535266066,total,3755516.00,3757030.00,7512546.00,3757030,3755516,2514.00,2515.00,5029.00,2515,2514,0.00,0.00,0,0
1535266067,s3-eth1,1226008.00,26202.00,1252210.00,26202,1226008,432.00,397.00,829.00,397,432,0.00,0.00,0,0
1535266067,s1-eth2,26268.00,1224560.00,1250828.00,1224560,26268,398.00,432.00,830.00,432,398,0.00,0.00,0,0
1535266067,s2-eth1,1224560.00,26268.00,1250828.00,26268,1224560,432.00,398.00,830.00,398,432,0.00,0.00,0,0
1535266067,lo,516.00,516.00,1032.00,516,516,9.00,9.00,18.00,9,9,0.00,0.00,0,0
1535266067,s3-eth2,26202.00,1224494.00,1250696.00,1224494,26202,397.00,431.00,828.00,431,397,0.00,0.00,0,0
1535266067,s1-eth1,1226074.00,26202.00,1252276.00,26202,1226074,433.00,397.00,830.00,397,433,0.00,0.00,0,0
1535266067,s2-eth2,26202.00,1226008.00,1252210.00,1226008,26202,397.00,432.00,829.00,432,397,0.00,0.00,0,0
1535266067,eth1,0.00,0.00,0.00,0,0,0.00,0.00,0.00,0,0,0.00,0.00,0,0
1535266067,eth0,0.00,0.00,0.00,0,0,0.00,0.00,0.00,0,0,0.00,0.00,0,0
1535266067,total,3755830.00,3754250.00,7510080.00,3754250,3755830,2498.00,2496.00,4994.00,2496,2498,0.00,0.00,0,0
1535266068,s3-eth1,1220938.00,26664.00,1247602.00,26664,1220938,421.00,404.00,825.00,404,421,0.00,0.00,0,0
1535266068,s1-eth2,26598.00,1223900.00,1250498.00,1223900,26598,403.00,422.00,825.00,422,403,0.00,0.00,0,0
1535266068,s2-eth1,1223900.00,26598.00,1250498.00,26598,1223900,422.00,403.00,825.00,403,422,0.00,0.00,0,0
1535266068,lo,0.00,0.00,0.00,0,0,0.00,0.00,0.00,0,0,0.00,0.00,0,0
1535266068,s3-eth2,26598.00,1223900.00,1250498.00,1223900,26598,403.00,422.00,825.00,422,403,0.00,0.00,0,0
1535266068,s1-eth1,1220938.00,26664.00,1247602.00,26664,1220938,421.00,404.00,825.00,404,421,0.00,0.00,0,0
1535266068,s2-eth2,26664.00,1220938.00,1247602.00,1220938,26664,404.00,421.00,825.00,421,404,0.00,0.00,0,0
1535266068,eth1,0.00,0.00,0.00,0,0,0.00,0.00,0.00,0,0,0.00,0.00,0,0
1535266068,eth0,0.00,0.00,0.00,0,0,0.00,0.00,0.00,0,0,0.00,0.00,0,0
1535266068,total,3745636.00,3748664.00,7494300.00,3748664,3745636,2474.00,2476.00,4950.00,2476,2474,0.00,0.00,0,0
1535266069,s3-eth1,1225414.00,26664.00,1252078.00,26664,1225414,423.00,404.00,827.00,404,423,0.00,0.00,0,0
1535266069,s1-eth2,26730.00,1222452.00,1249182.00,1222452,26730,405.00,422.00,827.00,422,405,0.00,0.00,0,0
1535266069,s2-eth1,1222452.00,26730.00,1249182.00,26730,1222452,422.00,405.00,827.00,405,422,0.00,0.00,0,0
1535266069,lo,0.00,0.00,0.00,0,0,0.00,0.00,0.00,0,0,0.00,0.00,0,0
1535266069,s3-eth2,26730.00,1225414.00,1252144.00,1225414,26730,405.00,423.00,828.00,423,405,0.00,0.00,0,0
1535266069,s1-eth1,1225414.00,26664.00,1252078.00,26664,1225414,423.00,404.00,827.00,404,423,0.00,0.00,0,0
1535266069,s2-eth2,26664.00,1225414.00,1252078.00,1225414,26664,404.00,423.00,827.00,423,404,0.00,0.00,0,0
1535266069,eth1,0.00,0.00,0.00,0,0,0.00,0.00,0.00,0,0,0.00,0.00,0,0
1535266069,eth0,0.00,0.00,0.00,0,0,0.00,0.00,0.00,0,0,0.00,0.00,0,0
1535266069,total,3753404.00,3753338.00,7506742.00,3753338,3753404,2482.00,2481.00,4963.00,2481,2482,0.00,0.00,0,0
1535266070,s3-eth1,1223900.00,26664.00,1250564.00,26664,1223900,422.00,404.00,826.00,404,422,0.00,0.00,0,0
1535266070,s1-eth2,26598.00,1223900.00,1250498.00,1223900,26598,403.00,422.00,825.00,422,403,0.00,0.00,0,0
1535266070,s2-eth1,1223900.00,26598.00,1250498.00,26598,1223900,422.00,403.00,825.00,403,422,0.00,0.00,0,0
1535266070,lo,0.00,0.00,0.00,0,0,0.00,0.00,0.00,0,0,0.00,0.00,0,0
1535266070,s3-eth2,26598.00,1220938.00,1247536.00,1220938,26598,403.00,421.00,824.00,421,403,0.00,0.00,0,0
1535266070,s1-eth1,1223900.00,26664.00,1250564.00,26664,1223900,422.00,404.00,826.00,404,422,0.00,0.00,0,0
1535266070,s2-eth2,26664.00,1223900.00,1250564.00,1223900,26664,404.00,422.00,826.00,422,404,0.00,0.00,0,0
1535266070,eth1,0.00,0.00,0.00,0,0,0.00,0.00,0.00,0,0,0.00,0.00,0,0
1535266070,eth0,0.00,0.00,0.00,0,0,0.00,0.00,0.00,0,0,0.00,0.00,0,0
1535266070,total,3751560.00,3748664.00,7500224.00,3748664,3751560,2476.00,2476.00,4952.00,2476,2476,0.00,0.00,0,0
1535266071,s3-eth1,1223900.00,26664.00,1250564.00,26664,1223900,422.00,404.00,826.00,404,422,0.00,0.00,0,0
1535266071,s1-eth2,26664.00,1223900.00,1250564.00,1223900,26664,404.00,422.00,826.00,422,404,0.00,0.00,0,0
1535266071,s2-eth1,1223900.00,26664.00,1250564.00,26664,1223900,422.00,404.00,826.00,404,422,0.00,0.00,0,0
1535266071,lo,0.00,0.00,0.00,0,0,0.00,0.00,0.00,0,0,0.00,0.00,0,0
1535266071,s3-eth2,26664.00,1223900.00,1250564.00,1223900,26664,404.00,422.00,826.00,422,404,0.00,0.00,0,0
1535266071,s1-eth1,1223900.00,26664.00,1250564.00,26664,1223900,422.00,404.00,826.00,404,422,0.00,0.00,0,0
1535266071,s2-eth2,26664.00,1223900.00,1250564.00,1223900,26664,404.00,422.00,826.00,422,404,0.00,0.00,0,0
1535266071,eth1,0.00,0.00,0.00,0,0,0.00,0.00,0.00,0,0,0.00,0.00,0,0
1535266071,eth0,0.00,0.00,0.00,0,0,0.00,0.00,0.00,0,0,0.00,0.00,0,0
1535266071,total,3751692.00,3751692.00,7503384.00,3751692,3751692,2478.00,2478.00,4956.00,2478,2478,0.00,0.00,0,0
1535266072,s3-eth1,1222452.00,26598.00,1249050.00,26598,1222452,422.00,403.00,825.00,403,422,0.00,0.00,0,0
1535266072,s1-eth2,26598.00,1225414.00,1252012.00,1225414,26598,403.00,423.00,826.00,423,403,0.00,0.00,0,0
1535266072,s2-eth1,1225414.00,26598.00,1252012.00,26598,1225414,423.00,403.00,826.00,403,423,0.00,0.00,0,0
1535266072,lo,516.00,516.00,1032.00,516,516,9.00,9.00,18.00,9,9,0.00,0.00,0,0
1535266072,s3-eth2,26664.00,1225414.00,1252078.00,1225414,26664,404.00,423.00,827.00,423,404,0.00,0.00,0,0
1535266072,s1-eth1,1222452.00,26598.00,1249050.00,26598,1222452,422.00,403.00,825.00,403,422,0.00,0.00,0,0
1535266072,s2-eth2,26598.00,1222452.00,1249050.00,1222452,26598,403.00,422.00,825.00,422,403,0.00,0.00,0,0
1535266072,eth1,0.00,0.00,0.00,0,0,0.00,0.00,0.00,0,0,0.00,0.00,0,0
1535266072,eth0,0.00,0.00,0.00,0,0,0.00,0.00,0.00,0,0,0.00,0.00,0,0
1535266072,total,3750694.00,3753590.00,7504284.00,3753590,3750694,2486.00,2486.00,4972.00,2486,2486,0.00,0.00,0,0
1535266073,s3-eth1,1225418.00,25806.00,1251224.00,25806,1225418,445.00,391.00,836.00,391,445,0.00,0.00,0,0
1535266073,s1-eth2,25806.00,1225418.00,1251224.00,1225418,25806,391.00,445.00,836.00,445,391,0.00,0.00,0,0
1535266073,s2-eth1,1225418.00,25806.00,1251224.00,25806,1225418,445.00,391.00,836.00,391,445,0.00,0.00,0,0
1535266073,lo,0.00,0.00,0.00,0,0,0.00,0.00,0.00,0,0,0.00,0.00,0,0
1535266073,s3-eth2,25740.00,1225418.00,1251158.00,1225418,25740,390.00,445.00,835.00,445,390,0.00,0.00,0,0
1535266073,s1-eth1,1225418.00,25806.00,1251224.00,25806,1225418,445.00,391.00,836.00,391,445,0.00,0.00,0,0
1535266073,s2-eth2,25806.00,1225418.00,1251224.00,1225418,25806,391.00,445.00,836.00,445,391,0.00,0.00,0,0
1535266073,eth1,0.00,0.00,0.00,0,0,0.00,0.00,0.00,0,0,0.00,0.00,0,0
1535266073,eth0,0.00,0.00,0.00,0,0,0.00,0.00,0.00,0,0,0.00,0.00,0,0
1535266073,total,3753606.00,3753672.00,7507278.00,3753672,3753606,2507.00,2508.00,5015.00,2508,2507,0.00,0.00,0,0
1535266074,s3-eth1,1223900.00,26664.00,1250564.00,26664,1223900,422.00,404.00,826.00,404,422,0.00,0.00,0,0
1535266074,s1-eth2,26664.00,1223900.00,1250564.00,1223900,26664,404.00,422.00,826.00,422,404,0.00,0.00,0,0
1535266074,s2-eth1,1223900.00,26664.00,1250564.00,26664,1223900,422.00,404.00,826.00,404,422,0.00,0.00,0,0
1535266074,lo,0.00,0.00,0.00,0,0,0.00,0.00,0.00,0,0,0.00,0.00,0,0
1535266074,s3-eth2,26664.00,1223900.00,1250564.00,1223900,26664,404.00,422.00,826.00,422,404,0.00,0.00,0,0
1535266074,s1-eth1,1223900.00,26598.00,1250498.00,26598,1223900,422.00,403.00,825.00,403,422,0.00,0.00,0,0
1535266074,s2-eth2,26664.00,1223900.00,1250564.00,1223900,26664,404.00,422.00,826.00,422,404,0.00,0.00,0,0
1535266074,eth1,0.00,0.00,0.00,0,0,0.00,0.00,0.00,0,0,0.00,0.00,0,0
1535266074,eth0,0.00,0.00,0.00,0,0,0.00,0.00,0.00,0,0,0.00,0.00,0,0
1535266074,total,3751692.00,3751626.00,7503318.00,3751626,3751692,2478.00,2477.00,4955.00,2477,2478,0.00,0.00,0,0
1535266075,s3-eth1,1222452.00,26598.00,1249050.00,26598,1222452,422.00,403.00,825.00,403,422,0.00,0.00,0,0
1535266075,s1-eth2,26664.00,1222452.00,1249116.00,1222452,26664,404.00,422.00,826.00,422,404,0.00,0.00,0,0
1535266075,s2-eth1,1222452.00,26664.00,1249116.00,26664,1222452,422.00,404.00,826.00,404,422,0.00,0.00,0,0
1535266075,lo,0.00,0.00,0.00,0,0,0.00,0.00,0.00,0,0,0.00,0.00,0,0
1535266075,s3-eth2,26664.00,1222452.00,1249116.00,1222452,26664,404.00,422.00,826.00,422,404,0.00,0.00,0,0
1535266075,s1-eth1,1222452.00,26664.00,1249116.00,26664,1222452,422.00,404.00,826.00,404,422,0.00,0.00,0,0
1535266075,s2-eth2,26598.00,1222452.00,1249050.00,1222452,26598,403.00,422.00,825.00,422,403,0.00,0.00,0,0
1535266075,eth1,0.00,0.00,0.00,0,0,0.00,0.00,0.00,0,0,0.00,0.00,0,0
1535266075,eth0,0.00,0.00,0.00,0,0,0.00,0.00,0.00,0,0,0.00,0.00,0,0
1535266075,total,3747282.00,3747282.00,7494564.00,3747282,3747282,2477.00,2477.00,4954.00,2477,2477,0.00,0.00,0,0
1535266076,s3-eth1,1223900.00,26664.00,1250564.00,26664,1223900,422.00,404.00,826.00,404,422,0.00,0.00,0,0
1535266076,s1-eth2,26664.00,1223900.00,1250564.00,1223900,26664,404.00,422.00,826.00,422,404,0.00,0.00,0,0
1535266076,s2-eth1,1223900.00,26664.00,1250564.00,26664,1223900,422.00,404.00,826.00,404,422,0.00,0.00,0,0
1535266076,lo,0.00,0.00,0.00,0,0,0.00,0.00,0.00,0,0,0.00,0.00,0,0
1535266076,s3-eth2,26664.00,1223900.00,1250564.00,1223900,26664,404.00,422.00,826.00,422,404,0.00,0.00,0,0
1535266076,s1-eth1,1223900.00,26664.00,1250564.00,26664,1223900,422.00,404.00,826.00,404,422,0.00,0.00,0,0
1535266076,s2-eth2,26664.00,1223900.00,1250564.00,1223900,26664,404.00,422.00,826.00,422,404,0.00,0.00,0,0
1535266076,eth1,0.00,0.00,0.00,0,0,0.00,0.00,0.00,0,0,0.00,0.00,0,0
1535266076,eth0,0.00,0.00,0.00,0,0,0.00,0.00,0.00,0,0,0.00,0.00,0,0
1535266076,total,3751692.00,3751692.00,7503384.00,3751692,3751692,2478.00,2478.00,4956.00,2478,2478,0.00,0.00,0,0
1535266077,s3-eth1,1223900.00,26664.00,1250564.00,26664,1223900,422.00,404.00,826.00,404,422,0.00,0.00,0,0
1535266077,s1-eth2,26664.00,1223900.00,1250564.00,1223900,26664,404.00,422.00,826.00,422,404,0.00,0.00,0,0
1535266077,s2-eth1,1223900.00,26664.00,1250564.00,26664,1223900,422.00,404.00,826.00,404,422,0.00,0.00,0,0
1535266077,lo,516.00,516.00,1032.00,516,516,9.00,9.00,18.00,9,9,0.00,0.00,0,0
1535266077,s3-eth2,26664.00,1223900.00,1250564.00,1223900,26664,404.00,422.00,826.00,422,404,0.00,0.00,0,0
1535266077,s1-eth1,1223900.00,26664.00,1250564.00,26664,1223900,422.00,404.00,826.00,404,422,0.00,0.00,0,0
1535266077,s2-eth2,26664.00,1223900.00,1250564.00,1223900,26664,404.00,422.00,826.00,422,404,0.00,0.00,0,0
1535266077,eth1,0.00,0.00,0.00,0,0,0.00,0.00,0.00,0,0,0.00,0.00,0,0
1535266077,eth0,180.00,180.00,360.00,180,180,2.00,2.00,4.00,2,2,0.00,0.00,0,0
1535266077,total,3752388.00,3752388.00,7504776.00,3752388,3752388,2489.00,2489.00,4978.00,2489,2489,0.00,0.00,0,0
1535266078,s3-eth1,1222452.00,26598.00,1249050.00,26598,1222452,422.00,403.00,825.00,403,422,0.00,0.00,0,0
1535266078,s1-eth2,26532.00,1222452.00,1248984.00,1222452,26532,402.00,422.00,824.00,422,402,0.00,0.00,0,0
1535266078,s2-eth1,1222452.00,26532.00,1248984.00,26532,1222452,422.00,402.00,824.00,402,422,0.00,0.00,0,0
1535266078,lo,0.00,0.00,0.00,0,0,0.00,0.00,0.00,0,0,0.00,0.00,0,0
1535266078,s3-eth2,26532.00,1222452.00,1248984.00,1222452,26532,402.00,422.00,824.00,422,402,0.00,0.00,0,0
1535266078,s1-eth1,1222452.00,26598.00,1249050.00,26598,1222452,422.00,403.00,825.00,403,422,0.00,0.00,0,0
1535266078,s2-eth2,26598.00,1222452.00,1249050.00,1222452,26598,403.00,422.00,825.00,422,403,0.00,0.00,0,0
1535266078,eth1,0.00,0.00,0.00,0,0,0.00,0.00,0.00,0,0,0.00,0.00,0,0
1535266078,eth0,0.00,0.00,0.00,0,0,0.00,0.00,0.00,0,0,0.00,0.00,0,0
1535266078,total,3747018.00,3747084.00,7494102.00,3747084,3747018,2473.00,2474.00,4947.00,2474,2473,0.00,0.00,0,0
1535266079,s3-eth1,1223508.00,26004.00,1249512.00,26004,1223508,438.00,394.00,832.00,394,438,0.00,0.00,0,0
1535266079,s1-eth2,26004.00,1223508.00,1249512.00,1223508,26004,394.00,438.00,832.00,438,394,0.00,0.00,0,0
1535266079,s2-eth1,1223508.00,26004.00,1249512.00,26004,1223508,438.00,394.00,832.00,394,438,0.00,0.00,0,0
1535266079,lo,0.00,0.00,0.00,0,0,0.00,0.00,0.00,0,0,0.00,0.00,0,0
1535266079,s3-eth2,26004.00,1225022.00,1251026.00,1225022,26004,394.00,439.00,833.00,439,394,0.00,0.00,0,0
1535266079,s1-eth1,1223508.00,26004.00,1249512.00,26004,1223508,438.00,394.00,832.00,394,438,0.00,0.00,0,0
1535266079,s2-eth2,26004.00,1223508.00,1249512.00,1223508,26004,394.00,438.00,832.00,438,394,0.00,0.00,0,0
1535266079,eth1,0.00,0.00,0.00,0,0,0.00,0.00,0.00,0,0,0.00,0.00,0,0
1535266079,eth0,0.00,0.00,0.00,0,0,0.00,0.00,0.00,0,0,0.00,0.00,0,0
1535266079,total,3748536.00,3750050.00,7498586.00,3750050,3748536,2496.00,2497.00,4993.00,2497,2496,0.00,0.00,0,0
1535266080,s3-eth1,1225876.00,26202.00,1252078.00,26202,1225876,430.00,397.00,827.00,397,430,0.00,0.00,0,0
1535266080,s1-eth2,26202.00,1222914.00,1249116.00,1222914,26202,397.00,429.00,826.00,429,397,0.00,0.00,0,0
1535266080,s2-eth1,1222914.00,26202.00,1249116.00,26202,1222914,429.00,397.00,826.00,397,429,0.00,0.00,0,0
1535266080,lo,0.00,0.00,0.00,0,0,0.00,0.00,0.00,0,0,0.00,0.00,0,0
1535266080,s3-eth2,26268.00,1224362.00,1250630.00,1224362,26268,398.00,429.00,827.00,429,398,0.00,0.00,0,0
1535266080,s1-eth1,1221692.38,26175.82,1247868.12,26202,1222914,428.57,396.60,825.17,397,429,0.00,0.00,0,0
1535266080,s2-eth2,26175.82,1224651.38,1250827.25,1225876,26202,396.60,429.57,826.17,430,397,0.00,0.00,0,0
1535266080,eth1,0.00,0.00,0.00,0,0,0.00,0.00,0.00,0,0,0.00,0.00,0,0
1535266080,eth0,89.91,0.00,89.91,0,90,1.00,0.00,1.00,0,1,0.00,0.00,0,0
1535266080,total,3746719.50,3748010.00,7494729.50,3751758,3750466,2478.52,2476.52,4955.05,2479,2481,0.00,0.00,0,0
1535266081,s3-eth1,1219490.00,26598.00,1246088.00,26598,1219490,421.00,403.00,824.00,403,421,0.00,0.00,0,0
1535266081,s1-eth2,26598.00,1222452.00,1249050.00,1222452,26598,403.00,422.00,825.00,422,403,0.00,0.00,0,0
1535266081,s2-eth1,1222452.00,26598.00,1249050.00,26598,1222452,422.00,403.00,825.00,403,422,0.00,0.00,0,0
1535266081,lo,0.00,0.00,0.00,0,0,0.00,0.00,0.00,0,0,0.00,0.00,0,0
1535266081,s3-eth2,26532.00,1219490.00,1246022.00,1219490,26532,402.00,421.00,823.00,421,402,0.00,0.00,0,0
1535266081,s1-eth1,1222452.00,26598.00,1249050.00,26598,1222452,422.00,403.00,825.00,403,422,0.00,0.00,0,0
1535266081,s2-eth2,26598.00,1219490.00,1246088.00,1219490,26598,403.00,421.00,824.00,421,403,0.00,0.00,0,0
1535266081,eth1,0.00,0.00,0.00,0,0,0.00,0.00,0.00,0,0,0.00,0.00,0,0
1535266081,eth0,0.00,0.00,0.00,0,0,0.00,0.00,0.00,0,0,0.00,0.00,0,0
1535266081,total,3744122.00,3741226.00,7485348.00,3741226,3744122,2473.00,2473.00,4946.00,2473,2473,0.00,0.00,0,0
1535266082,s3-eth1,1223900.00,26664.00,1250564.00,26664,1223900,422.00,404.00,826.00,404,422,0.00,0.00,0,0
1535266082,s1-eth2,26664.00,1223900.00,1250564.00,1223900,26664,404.00,422.00,826.00,422,404,0.00,0.00,0,0
1535266082,s2-eth1,1223900.00,26664.00,1250564.00,26664,1223900,422.00,404.00,826.00,404,422,0.00,0.00,0,0
1535266082,lo,516.00,516.00,1032.00,516,516,9.00,9.00,18.00,9,9,0.00,0.00,0,0
1535266082,s3-eth2,26664.00,1223900.00,1250564.00,1223900,26664,404.00,422.00,826.00,422,404,0.00,0.00,0,0
1535266082,s1-eth1,1223900.00,26664.00,1250564.00,26664,1223900,422.00,404.00,826.00,404,422,0.00,0.00,0,0
1535266082,s2-eth2,26664.00,1223900.00,1250564.00,1223900,26664,404.00,422.00,826.00,422,404,0.00,0.00,0,0
1535266082,eth1,0.00,0.00,0.00,0,0,0.00,0.00,0.00,0,0,0.00,0.00,0,0
1535266082,eth0,60.00,60.00,120.00,60,60,1.00,1.00,2.00,1,1,0.00,0.00,0,0
1535266082,total,3752268.00,3752268.00,7504536.00,3752268,3752268,2488.00,2488.00,4976.00,2488,2488,0.00,0.00,0,0
1535266083,s3-eth1,1223900.00,26664.00,1250564.00,26664,1223900,422.00,404.00,826.00,404,422,0.00,0.00,0,0
1535266083,s1-eth2,26664.00,1223900.00,1250564.00,1223900,26664,404.00,422.00,826.00,422,404,0.00,0.00,0,0
1535266083,s2-eth1,1223900.00,26664.00,1250564.00,26664,1223900,422.00,404.00,826.00,404,422,0.00,0.00,0,0
1535266083,lo,0.00,0.00,0.00,0,0,0.00,0.00,0.00,0,0,0.00,0.00,0,0
1535266083,s3-eth2,26664.00,1223900.00,1250564.00,1223900,26664,404.00,422.00,826.00,422,404,0.00,0.00,0,0
1535266083,s1-eth1,1223900.00,26664.00,1250564.00,26664,1223900,422.00,404.00,826.00,404,422,0.00,0.00,0,0
1535266083,s2-eth2,26664.00,1223900.00,1250564.00,1223900,26664,404.00,422.00,826.00,422,404,0.00,0.00,0,0
1535266083,eth1,0.00,0.00,0.00,0,0,0.00,0.00,0.00,0,0,0.00,0.00,0,0
1535266083,eth0,0.00,0.00,0.00,0,0,0.00,0.00,0.00,0,0,0.00,0.00,0,0
1535266083,total,3751692.00,3751692.00,7503384.00,3751692,3751692,2478.00,2478.00,4956.00,2478,2478,0.00,0.00,0,0
1535266084,s3-eth1,1225414.00,26598.00,1252012.00,26598,1225414,423.00,403.00,826.00,403,423,0.00,0.00,0,0
1535266084,s1-eth2,26664.00,1222452.00,1249116.00,1222452,26664,404.00,422.00,826.00,422,404,0.00,0.00,0,0
1535266084,s2-eth1,1222452.00,26664.00,1249116.00,26664,1222452,422.00,404.00,826.00,404,422,0.00,0.00,0,0
1535266084,lo,0.00,0.00,0.00,0,0,0.00,0.00,0.00,0,0,0.00,0.00,0,0
1535266084,s3-eth2,26664.00,1225414.00,1252078.00,1225414,26664,404.00,423.00,827.00,423,404,0.00,0.00,0,0
1535266084,s1-eth1,1225414.00,26598.00,1252012.00,26598,1225414,423.00,403.00,826.00,403,423,0.00,0.00,0,0
1535266084,s2-eth2,26598.00,1225414.00,1252012.00,1225414,26598,403.00,423.00,826.00,423,403,0.00,0.00,0,0
1535266084,eth1,0.00,0.00,0.00,0,0,0.00,0.00,0.00,0,0,0.00,0.00,0,0
1535266084,eth0,90.00,90.00,180.00,90,90,1.00,1.00,2.00,1,1,0.00,0.00,0,0
1535266084,total,3753296.00,3753230.00,7506526.00,3753230,3753296,2480.00,2479.00,4959.00,2479,2480,0.00,0.00,0,0
1535266085,s3-eth1,1223900.00,26664.00,1250564.00,26664,1223900,422.00,404.00,826.00,404,422,0.00,0.00,0,0
1535266085,s1-eth2,26664.00,1223900.00,1250564.00,1223900,26664,404.00,422.00,826.00,422,404,0.00,0.00,0,0
1535266085,s2-eth1,1223900.00,26664.00,1250564.00,26664,1223900,422.00,404.00,826.00,404,422,0.00,0.00,0,0
1535266085,lo,0.00,0.00,0.00,0,0,0.00,0.00,0.00,0,0,0.00,0.00,0,0
1535266085,s3-eth2,26664.00,1223900.00,1250564.00,1223900,26664,404.00,422.00,826.00,422,404,0.00,0.00,0,0
1535266085,s1-eth1,1223900.00,26664.00,1250564.00,26664,1223900,422.00,404.00,826.00,404,422,0.00,0.00,0,0
1535266085,s2-eth2,26664.00,1223900.00,1250564.00,1223900,26664,404.00,422.00,826.00,422,404,0.00,0.00,0,0
1535266085,eth1,0.00,0.00,0.00,0,0,0.00,0.00,0.00,0,0,0.00,0.00,0,0
1535266085,eth0,270.00,270.00,540.00,270,270,3.00,3.00,6.00,3,3,0.00,0.00,0,0
1535266085,total,3751962.00,3751962.00,7503924.00,3751962,3751962,2481.00,2481.00,4962.00,2481,2481,0.00,0.00,0,0
1535266086,s3-eth1,1225682.00,25608.00,1251290.00,25608,1225682,449.00,388.00,837.00,388,449,0.00,0.00,0,0
1535266086,s1-eth2,25608.00,1225682.00,1251290.00,1225682,25608,388.00,449.00,837.00,449,388,0.00,0.00,0,0
1535266086,s2-eth1,1225682.00,25608.00,1251290.00,25608,1225682,449.00,388.00,837.00,388,449,0.00,0.00,0,0
1535266086,lo,0.00,0.00,0.00,0,0,0.00,0.00,0.00,0,0,0.00,0.00,0,0
1535266086,s3-eth2,25608.00,1224234.00,1249842.00,1224234,25608,388.00,449.00,837.00,449,388,0.00,0.00,0,0
1535266086,s1-eth1,1225682.00,25608.00,1251290.00,25608,1225682,449.00,388.00,837.00,388,449,0.00,0.00,0,0
1535266086,s2-eth2,25608.00,1225682.00,1251290.00,1225682,25608,388.00,449.00,837.00,449,388,0.00,0.00,0,0
1535266086,eth1,0.00,0.00,0.00,0,0,0.00,0.00,0.00,0,0,0.00,0.00,0,0
1535266086,eth0,0.00,0.00,0.00,0,0,0.00,0.00,0.00,0,0,0.00,0.00,0,0
1535266086,total,3753870.00,3752422.00,7506292.00,3752422,3753870,2511.00,2511.00,5022.00,2511,2511,0.00,0.00,0,0
1535266087,s3-eth1,1222452.00,26664.00,1249116.00,26664,1222452,422.00,404.00,826.00,404,422,0.00,0.00,0,0
1535266087,s1-eth2,26598.00,1225414.00,1252012.00,1225414,26598,403.00,423.00,826.00,423,403,0.00,0.00,0,0
1535266087,s2-eth1,1225414.00,26598.00,1252012.00,26598,1225414,423.00,403.00,826.00,403,423,0.00,0.00,0,0
1535266087,lo,516.00,516.00,1032.00,516,516,9.00,9.00,18.00,9,9,0.00,0.00,0,0
1535266087,s3-eth2,26598.00,1223900.00,1250498.00,1223900,26598,403.00,422.00,825.00,422,403,0.00,0.00,0,0
1535266087,s1-eth1,1222452.00,26664.00,1249116.00,26664,1222452,422.00,404.00,826.00,404,422,0.00,0.00,0,0
1535266087,s2-eth2,26664.00,1222452.00,1249116.00,1222452,26664,404.00,422.00,826.00,422,404,0.00,0.00,0,0
1535266087,eth1,0.00,0.00,0.00,0,0,0.00,0.00,0.00,0,0,0.00,0.00,0,0
1535266087,eth0,0.00,0.00,0.00,0,0,0.00,0.00,0.00,0,0,0.00,0.00,0,0
1535266087,total,3750694.00,3752208.00,7502902.00,3752208,3750694,2486.00,2487.00,4973.00,2487,2486,0.00,0.00,0,0
1535266088,s3-eth1,1223900.00,26664.00,1250564.00,26664,1223900,422.00,404.00,826.00,404,422,0.00,0.00,0,0
1535266088,s1-eth2,26664.00,1223900.00,1250564.00,1223900,26664,404.00,422.00,826.00,422,404,0.00,0.00,0,0
1535266088,s2-eth1,1223900.00,26664.00,1250564.00,26664,1223900,422.00,404.00,826.00,404,422,0.00,0.00,0,0
1535266088,lo,0.00,0.00,0.00,0,0,0.00,0.00,0.00,0,0,0.00,0.00,0,0
1535266088,s3-eth2,26664.00,1223900.00,1250564.00,1223900,26664,404.00,422.00,826.00,422,404,0.00,0.00,0,0
1535266088,s1-eth1,1223900.00,26664.00,1250564.00,26664,1223900,422.00,404.00,826.00,404,422,0.00,0.00,0,0
1535266088,s2-eth2,26664.00,1223900.00,1250564.00,1223900,26664,404.00,422.00,826.00,422,404,0.00,0.00,0,0
1535266088,eth1,0.00,0.00,0.00,0,0,0.00,0.00,0.00,0,0,0.00,0.00,0,0
1535266088,eth0,0.00,0.00,0.00,0,0,0.00,0.00,0.00,0,0,0.00,0.00,0,0
1535266088,total,3751692.00,3751692.00,7503384.00,3751692,3751692,2478.00,2478.00,4956.00,2478,2478,0.00,0.00,0,0
1535266089,s3-eth1,1225414.00,26664.00,1252078.00,26664,1225414,423.00,404.00,827.00,404,423,0.00,0.00,0,0
1535266089,s1-eth2,26664.00,1222452.00,1249116.00,1222452,26664,404.00,422.00,826.00,422,404,0.00,0.00,0,0
1535266089,s2-eth1,1222452.00,26664.00,1249116.00,26664,1222452,422.00,404.00,826.00,404,422,0.00,0.00,0,0
1535266089,lo,0.00,0.00,0.00,0,0,0.00,0.00,0.00,0,0,0.00,0.00,0,0
1535266089,s3-eth2,26664.00,1225414.00,1252078.00,1225414,26664,404.00,423.00,827.00,423,404,0.00,0.00,0,0
1535266089,s1-eth1,1223900.00,26664.00,1250564.00,26664,1223900,422.00,404.00,826.00,404,422,0.00,0.00,0,0
1535266089,s2-eth2,26664.00,1225414.00,1252078.00,1225414,26664,404.00,423.00,827.00,423,404,0.00,0.00,0,0
1535266089,eth1,0.00,0.00,0.00,0,0,0.00,0.00,0.00,0,0,0.00,0.00,0,0
1535266089,eth0,0.00,0.00,0.00,0,0,0.00,0.00,0.00,0,0,0.00,0.00,0,0
1535266089,total,3751758.00,3753272.00,7505030.00,3753272,3751758,2479.00,2480.00,4959.00,2480,2479,0.00,0.00,0,0
1535266090,s3-eth1,1218018.00,26508.00,1244526.00,26508,1218018,421.00,402.00,823.00,402,421,0.00,0.00,0,0
1535266090,s1-eth2,26508.00,1218018.00,1244526.00,1218018,26508,402.00,421.00,823.00,421,402,0.00,0.00,0,0
1535266090,s2-eth1,1218018.00,26508.00,1244526.00,26508,1218018,421.00,402.00,823.00,402,421,0.00,0.00,0,0
1535266090,lo,888.00,888.00,1776.00,888,888,9.00,9.00,18.00,9,9,0.00,0.00,0,0
1535266090,s3-eth2,26508.00,1218018.00,1244526.00,1218018,26508,402.00,421.00,823.00,421,402,0.00,0.00,0,0
1535266090,s1-eth1,1216570.00,26508.00,1243078.00,26508,1216570,421.00,402.00,823.00,402,421,0.00,0.00,0,0
1535266090,s2-eth2,26508.00,1218018.00,1244526.00,1218018,26508,402.00,421.00,823.00,421,402,0.00,0.00,0,0
1535266090,eth1,0.00,0.00,0.00,0,0,0.00,0.00,0.00,0,0,0.00,0.00,0,0
1535266090,eth0,0.00,0.00,0.00,0,0,0.00,0.00,0.00,0,0,0.00,0.00,0,0
1535266090,total,3733018.00,3734466.00,7467484.00,3734466,3733018,2478.00,2478.00,4956.00,2478,2478,0.00,0.00,0,0
1535266091,s3-eth1,1223900.00,26664.00,1250564.00,26664,1223900,422.00,404.00,826.00,404,422,0.00,0.00,0,0
1535266091,s1-eth2,26730.00,1223900.00,1250630.00,1223900,26730,405.00,422.00,827.00,422,405,0.00,0.00,0,0
1535266091,s2-eth1,1223900.00,26730.00,1250630.00,26730,1223900,422.00,405.00,827.00,405,422,0.00,0.00,0,0
1535266091,lo,0.00,0.00,0.00,0,0,0.00,0.00,0.00,0,0,0.00,0.00,0,0
1535266091,s3-eth2,26730.00,1223900.00,1250630.00,1223900,26730,405.00,422.00,827.00,422,405,0.00,0.00,0,0
1535266091,s1-eth1,1223900.00,26664.00,1250564.00,26664,1223900,422.00,404.00,826.00,404,422,0.00,0.00,0,0
1535266091,s2-eth2,26664.00,1223900.00,1250564.00,1223900,26664,404.00,422.00,826.00,422,404,0.00,0.00,0,0
1535266091,eth1,0.00,0.00,0.00,0,0,0.00,0.00,0.00,0,0,0.00,0.00,0,0
1535266091,eth0,0.00,0.00,0.00,0,0,0.00,0.00,0.00,0,0,0.00,0.00,0,0
1535266091,total,3751824.00,3751758.00,7503582.00,3751758,3751824,2480.00,2479.00,4959.00,2479,2480,0.00,0.00,0,0
1535266092,s3-eth1,1225414.00,26664.00,1252078.00,26664,1225414,423.00,404.00,827.00,404,423,0.00,0.00,0,0
1535266092,s1-eth2,26598.00,1223900.00,1250498.00,1223900,26598,403.00,422.00,825.00,422,403,0.00,0.00,0,0
1535266092,s2-eth1,1223900.00,26598.00,1250498.00,26598,1223900,422.00,403.00,825.00,403,422,0.00,0.00,0,0
1535266092,lo,0.00,0.00,0.00,0,0,0.00,0.00,0.00,0,0,0.00,0.00,0,0
1535266092,s3-eth2,26598.00,1225414.00,1252012.00,1225414,26598,403.00,423.00,826.00,423,403,0.00,0.00,0,0
1535266092,s1-eth1,1223900.00,26664.00,1250564.00,26664,1223900,422.00,404.00,826.00,404,422,0.00,0.00,0,0
1535266092,s2-eth2,26664.00,1225414.00,1252078.00,1225414,26664,404.00,423.00,827.00,423,404,0.00,0.00,0,0
1535266092,eth1,0.00,0.00,0.00,0,0,0.00,0.00,0.00,0,0,0.00,0.00,0,0
1535266092,eth0,0.00,0.00,0.00,0,0,0.00,0.00,0.00,0,0,0.00,0.00,0,0
1535266092,total,3753074.00,3754654.00,7507728.00,3754654,3753074,2477.00,2479.00,4956.00,2479,2477,0.00,0.00,0,0
1535266093,s3-eth1,1223900.00,26598.00,1250498.00,26598,1223900,422.00,403.00,825.00,403,422,0.00,0.00,0,0
1535266093,s1-eth2,26664.00,1225414.00,1252078.00,1225414,26664,404.00,423.00,827.00,423,404,0.00,0.00,0,0
1535266093,s2-eth1,1225414.00,26664.00,1252078.00,26664,1225414,423.00,404.00,827.00,404,423,0.00,0.00,0,0
1535266093,lo,0.00,0.00,0.00,0,0,0.00,0.00,0.00,0,0,0.00,0.00,0,0
1535266093,s3-eth2,26664.00,1223900.00,1250564.00,1223900,26664,404.00,422.00,826.00,422,404,0.00,0.00,0,0
1535266093,s1-eth1,1225414.00,26598.00,1252012.00,26598,1225414,423.00,403.00,826.00,403,423,0.00,0.00,0,0
1535266093,s2-eth2,26598.00,1223900.00,1250498.00,1223900,26598,403.00,422.00,825.00,422,403,0.00,0.00,0,0
1535266093,eth1,0.00,0.00,0.00,0,0,0.00,0.00,0.00,0,0,0.00,0.00,0,0
1535266093,eth0,0.00,0.00,0.00,0,0,0.00,0.00,0.00,0,0,0.00,0.00,0,0
1535266093,total,3754654.00,3753074.00,7507728.00,3753074,3754654,2479.00,2477.00,4956.00,2477,2479,0.00,0.00,0,0
1535266094,s3-eth1,1223900.00,26664.00,1250564.00,26664,1223900,422.00,404.00,826.00,404,422,0.00,0.00,0,0
1535266094,s1-eth2,26664.00,1223900.00,1250564.00,1223900,26664,404.00,422.00,826.00,422,404,0.00,0.00,0,0
1535266094,s2-eth1,1223900.00,26664.00,1250564.00,26664,1223900,422.00,404.00,826.00,404,422,0.00,0.00,0,0
1535266094,lo,0.00,0.00,0.00,0,0,0.00,0.00,0.00,0,0,0.00,0.00,0,0
1535266094,s3-eth2,26664.00,1223900.00,1250564.00,1223900,26664,404.00,422.00,826.00,422,404,0.00,0.00,0,0
1535266094,s1-eth1,1223900.00,26664.00,1250564.00,26664,1223900,422.00,404.00,826.00,404,422,0.00,0.00,0,0
1535266094,s2-eth2,26664.00,1223900.00,1250564.00,1223900,26664,404.00,422.00,826.00,422,404,0.00,0.00,0,0
1535266094,eth1,0.00,86.00,86.00,86,0,0.00,1.00,1.00,1,0,0.00,0.00,0,0
1535266094,eth0,90.00,0.00,90.00,0,90,1.00,0.00,1.00,0,1,0.00,0.00,0,0
1535266094,total,3751782.00,3751778.00,7503560.00,3751778,3751782,2479.00,2479.00,4958.00,2479,2479,0.00,0.00,0,0
1535266095,s3-eth1,1223442.00,25740.00,1249182.00,25740,1223442,437.00,390.00,827.00,390,437,0.00,0.00,0,0
1535266095,s1-eth2,25740.00,1223442.00,1249182.00,1223442,25740,390.00,437.00,827.00,437,390,0.00,0.00,0,0
1535266095,s2-eth1,1223442.00,25740.00,1249182.00,25740,1223442,437.00,390.00,827.00,390,437,0.00,0.00,0,0
1535266095,lo,516.00,516.00,1032.00,516,516,9.00,9.00,18.00,9,9,0.00,0.00,0,0
1535266095,s3-eth2,25740.00,1223442.00,1249182.00,1223442,25740,390.00,437.00,827.00,437,390,0.00,0.00,0,0
1535266095,s1-eth1,1223442.00,25740.00,1249182.00,25740,1223442,437.00,390.00,827.00,390,437,0.00,0.00,0,0
1535266095,s2-eth2,25740.00,1223442.00,1249182.00,1223442,25740,390.00,437.00,827.00,437,390,0.00,0.00,0,0
1535266095,eth1,0.00,0.00,0.00,0,0,0.00,0.00,0.00,0,0,0.00,0.00,0,0
1535266095,eth0,0.00,0.00,0.00,0,0,0.00,0.00,0.00,0,0,0.00,0.00,0,0
1535266095,total,3748062.00,3748062.00,7496124.00,3748062,3748062,2490.00,2490.00,4980.00,2490,2490,0.00,0.00,0,0
1535266096,s3-eth1,1223900.00,26664.00,1250564.00,26664,1223900,422.00,404.00,826.00,404,422,0.00,0.00,0,0
1535266096,s1-eth2,26598.00,1223900.00,1250498.00,1223900,26598,403.00,422.00,825.00,422,403,0.00,0.00,0,0
1535266096,s2-eth1,1223900.00,26598.00,1250498.00,26598,1223900,422.00,403.00,825.00,403,422,0.00,0.00,0,0
1535266096,lo,0.00,0.00,0.00,0,0,0.00,0.00,0.00,0,0,0.00,0.00,0,0
1535266096,s3-eth2,26598.00,1223900.00,1250498.00,1223900,26598,403.00,422.00,825.00,422,403,0.00,0.00,0,0
1535266096,s1-eth1,1223900.00,26664.00,1250564.00,26664,1223900,422.00,404.00,826.00,404,422,0.00,0.00,0,0
1535266096,s2-eth2,26664.00,1223900.00,1250564.00,1223900,26664,404.00,422.00,826.00,422,404,0.00,0.00,0,0
1535266096,eth1,0.00,0.00,0.00,0,0,0.00,0.00,0.00,0,0,0.00,0.00,0,0
1535266096,eth0,90.00,90.00,180.00,90,90,1.00,1.00,2.00,1,1,0.00,0.00,0,0
1535266096,total,3751650.00,3751716.00,7503366.00,3751716,3751650,2477.00,2478.00,4955.00,2478,2477,0.00,0.00,0,0
1535266097,s3-eth1,1223900.00,26598.00,1250498.00,26598,1223900,422.00,403.00,825.00,403,422,0.00,0.00,0,0
1535266097,s1-eth2,26598.00,1223900.00,1250498.00,1223900,26598,403.00,422.00,825.00,422,403,0.00,0.00,0,0
1535266097,s2-eth1,1223900.00,26598.00,1250498.00,26598,1223900,422.00,403.00,825.00,403,422,0.00,0.00,0,0
1535266097,lo,0.00,0.00,0.00,0,0,0.00,0.00,0.00,0,0,0.00,0.00,0,0
1535266097,s3-eth2,26664.00,1223900.00,1250564.00,1223900,26664,404.00,422.00,826.00,422,404,0.00,0.00,0,0
1535266097,s1-eth1,1223900.00,26598.00,1250498.00,26598,1223900,422.00,403.00,825.00,403,422,0.00,0.00,0,0
1535266097,s2-eth2,26598.00,1223900.00,1250498.00,1223900,26598,403.00,422.00,825.00,422,403,0.00,0.00,0,0
1535266097,eth1,0.00,0.00,0.00,0,0,0.00,0.00,0.00,0,0,0.00,0.00,0,0
1535266097,eth0,0.00,0.00,0.00,0,0,0.00,0.00,0.00,0,0,0.00,0.00,0,0
1535266097,total,3751560.00,3751494.00,7503054.00,3751494,3751560,2476.00,2475.00,4951.00,2475,2476,0.00,0.00,0,0
1535266098,s3-eth1,1225414.00,26664.00,1252078.00,26664,1225414,423.00,404.00,827.00,404,423,0.00,0.00,0,0
1535266098,s1-eth2,26730.00,1225414.00,1252144.00,1225414,26730,405.00,423.00,828.00,423,405,0.00,0.00,0,0
1535266098,s2-eth1,1225414.00,26730.00,1252144.00,26730,1225414,423.00,405.00,828.00,405,423,0.00,0.00,0,0
1535266098,lo,0.00,0.00,0.00,0,0,0.00,0.00,0.00,0,0,0.00,0.00,0,0
1535266098,s3-eth2,26664.00,1225414.00,1252078.00,1225414,26664,404.00,423.00,827.00,423,404,0.00,0.00,0,0
1535266098,s1-eth1,1225414.00,26664.00,1252078.00,26664,1225414,423.00,404.00,827.00,404,423,0.00,0.00,0,0
1535266098,s2-eth2,26664.00,1225414.00,1252078.00,1225414,26664,404.00,423.00,827.00,423,404,0.00,0.00,0,0
1535266098,eth1,0.00,0.00,0.00,0,0,0.00,0.00,0.00,0,0,0.00,0.00,0,0
1535266098,eth0,0.00,0.00,0.00,0,0,0.00,0.00,0.00,0,0,0.00,0.00,0,0
1535266098,total,3756300.00,3756300.00,7512600.00,3756300,3756300,2482.00,2482.00,4964.00,2482,2482,0.00,0.00,0,0
1535266099,s3-eth1,1223900.00,26664.00,1250564.00,26664,1223900,422.00,404.00,826.00,404,422,0.00,0.00,0,0
1535266099,s1-eth2,26664.00,1223900.00,1250564.00,1223900,26664,404.00,422.00,826.00,422,404,0.00,0.00,0,0
1535266099,s2-eth1,1223900.00,26664.00,1250564.00,26664,1223900,422.00,404.00,826.00,404,422,0.00,0.00,0,0
1535266099,lo,0.00,0.00,0.00,0,0,0.00,0.00,0.00,0,0,0.00,0.00,0,0
1535266099,s3-eth2,26664.00,1223900.00,1250564.00,1223900,26664,404.00,422.00,826.00,422,404,0.00,0.00,0,0
1535266099,s1-eth1,1223900.00,26664.00,1250564.00,26664,1223900,422.00,404.00,826.00,404,422,0.00,0.00,0,0
1535266099,s2-eth2,26664.00,1223900.00,1250564.00,1223900,26664,404.00,422.00,826.00,422,404,0.00,0.00,0,0
1535266099,eth1,0.00,0.00,0.00,0,0,0.00,0.00,0.00,0,0,0.00,0.00,0,0
1535266099,eth0,0.00,0.00,0.00,0,0,0.00,0.00,0.00,0,0,0.00,0.00,0,0
1535266099,total,3751692.00,3751692.00,7503384.00,3751692,3751692,2478.00,2478.00,4956.00,2478,2478,0.00,0.00,0,0
1535266100,s3-eth1,1223900.00,26664.00,1250564.00,26664,1223900,422.00,404.00,826.00,404,422,0.00,0.00,0,0
1535266100,s1-eth2,26664.00,1223900.00,1250564.00,1223900,26664,404.00,422.00,826.00,422,404,0.00,0.00,0,0
1535266100,s2-eth1,1223900.00,26664.00,1250564.00,26664,1223900,422.00,404.00,826.00,404,422,0.00,0.00,0,0
1535266100,lo,516.00,516.00,1032.00,516,516,9.00,9.00,18.00,9,9,0.00,0.00,0,0
1535266100,s3-eth2,26664.00,1223900.00,1250564.00,1223900,26664,404.00,422.00,826.00,422,404,0.00,0.00,0,0
1535266100,s1-eth1,1223900.00,26664.00,1250564.00,26664,1223900,422.00,404.00,826.00,404,422,0.00,0.00,0,0
1535266100,s2-eth2,26664.00,1223900.00,1250564.00,1223900,26664,404.00,422.00,826.00,422,404,0.00,0.00,0,0
1535266100,eth1,0.00,0.00,0.00,0,0,0.00,0.00,0.00,0,0,0.00,0.00,0,0
1535266100,eth0,90.00,90.00,180.00,90,90,1.00,1.00,2.00,1,1,0.00,0.00,0,0
1535266100,total,3752298.00,3752298.00,7504596.00,3752298,3752298,2488.00,2488.00,4976.00,2488,2488,0.00,0.00,0,0
1535266101,s3-eth1,1224098.00,26532.00,1250630.00,26532,1224098,425.00,402.00,827.00,402,425,0.00,0.00,0,0
1535266101,s1-eth2,26466.00,1222584.00,1249050.00,1222584,26466,401.00,424.00,825.00,424,401,0.00,0.00,0,0
1535266101,s2-eth1,1222584.00,26466.00,1249050.00,26466,1222584,424.00,401.00,825.00,401,424,0.00,0.00,0,0
1535266101,lo,0.00,0.00,0.00,0,0,0.00,0.00,0.00,0,0,0.00,0.00,0,0
1535266101,s3-eth2,26466.00,1222650.00,1249116.00,1222650,26466,401.00,425.00,826.00,425,401,0.00,0.00,0,0
1535266101,s1-eth1,1222584.00,26532.00,1249116.00,26532,1222584,424.00,402.00,826.00,402,424,0.00,0.00,0,0
1535266101,s2-eth2,26532.00,1224098.00,1250630.00,1224098,26532,402.00,425.00,827.00,425,402,0.00,0.00,0,0
1535266101,eth1,0.00,0.00,0.00,0,0,0.00,0.00,0.00,0,0,0.00,0.00,0,0
1535266101,eth0,0.00,0.00,0.00,0,0,0.00,0.00,0.00,0,0,0.00,0.00,0,0
1535266101,total,3748730.00,3748862.00,7497592.00,3748862,3748730,2477.00,2479.00,4956.00,2479,2477,0.00,0.00,0,0
1535266102,s3-eth1,1223178.00,25872.00,1249050.00,25872,1223178,433.00,392.00,825.00,392,433,0.00,0.00,0,0
1535266102,s1-eth2,25872.00,1224692.00,1250564.00,1224692,25872,392.00,434.00,826.00,434,392,0.00,0.00,0,0
1535266102,s2-eth1,1224692.00,25872.00,1250564.00,25872,1224692,434.00,392.00,826.00,392,434,0.00,0.00,0,0
1535266102,lo,0.00,0.00,0.00,0,0,0.00,0.00,0.00,0,0,0.00,0.00,0,0
1535266102,s3-eth2,25872.00,1224626.00,1250498.00,1224626,25872,392.00,433.00,825.00,433,392,0.00,0.00,0,0
1535266102,s1-eth1,1224692.00,25872.00,1250564.00,25872,1224692,434.00,392.00,826.00,392,434,0.00,0.00,0,0
1535266102,s2-eth2,25872.00,1223178.00,1249050.00,1223178,25872,392.00,433.00,825.00,433,392,0.00,0.00,0,0
1535266102,eth1,0.00,0.00,0.00,0,0,0.00,0.00,0.00,0,0,0.00,0.00,0,0
1535266102,eth0,0.00,0.00,0.00,0,0,0.00,0.00,0.00,0,0,0.00,0.00,0,0
1535266102,total,3750178.00,3750112.00,7500290.00,3750112,3750178,2477.00,2476.00,4953.00,2476,2477,0.00,0.00,0,0
1535266103,s3-eth1,1223900.00,26664.00,1250564.00,26664,1223900,422.00,404.00,826.00,404,422,0.00,0.00,0,0
1535266103,s1-eth2,26664.00,1223900.00,1250564.00,1223900,26664,404.00,422.00,826.00,422,404,0.00,0.00,0,0
1535266103,s2-eth1,1223900.00,26664.00,1250564.00,26664,1223900,422.00,404.00,826.00,404,422,0.00,0.00,0,0
1535266103,lo,0.00,0.00,0.00,0,0,0.00,0.00,0.00,0,0,0.00,0.00,0,0
1535266103,s3-eth2,26664.00,1223900.00,1250564.00,1223900,26664,404.00,422.00,826.00,422,404,0.00,0.00,0,0
1535266103,s1-eth1,1223900.00,26664.00,1250564.00,26664,1223900,422.00,404.00,826.00,404,422,0.00,0.00,0,0
1535266103,s2-eth2,26664.00,1223900.00,1250564.00,1223900,26664,404.00,422.00,826.00,422,404,0.00,0.00,0,0
1535266103,eth1,0.00,0.00,0.00,0,0,0.00,0.00,0.00,0,0,0.00,0.00,0,0
1535266103,eth0,90.00,90.00,180.00,90,90,1.00,1.00,2.00,1,1,0.00,0.00,0,0
1535266103,total,3751782.00,3751782.00,7503564.00,3751782,3751782,2479.00,2479.00,4958.00,2479,2479,0.00,0.00,0,0
1535266104,s3-eth1,1225414.00,26598.00,1252012.00,26598,1225414,423.00,403.00,826.00,403,423,0.00,0.00,0,0
1535266104,s1-eth2,26664.00,1225414.00,1252078.00,1225414,26664,404.00,423.00,827.00,423,404,0.00,0.00,0,0
1535266104,s2-eth1,1225414.00,26664.00,1252078.00,26664,1225414,423.00,404.00,827.00,404,423,0.00,0.00,0,0
1535266104,lo,0.00,0.00,0.00,0,0,0.00,0.00,0.00,0,0,0.00,0.00,0,0
1535266104,s3-eth2,26664.00,1225414.00,1252078.00,1225414,26664,404.00,423.00,827.00,423,404,0.00,0.00,0,0
1535266104,s1-eth1,1225414.00,26598.00,1252012.00,26598,1225414,423.00,403.00,826.00,403,423,0.00,0.00,0,0
1535266104,s2-eth2,26598.00,1225414.00,1252012.00,1225414,26598,403.00,423.00,826.00,423,403,0.00,0.00,0,0
1535266104,eth1,0.00,0.00,0.00,0,0,0.00,0.00,0.00,0,0,0.00,0.00,0,0
1535266104,eth0,0.00,0.00,0.00,0,0,0.00,0.00,0.00,0,0,0.00,0.00,0,0
1535266104,total,3756168.00,3756102.00,7512270.00,3756102,3756168,2480.00,2479.00,4959.00,2479,2480,0.00,0.00,0,0
1535266105,s3-eth1,1223900.00,26664.00,1250564.00,26664,1223900,422.00,404.00,826.00,404,422,0.00,0.00,0,0
1535266105,s1-eth2,26664.00,1223900.00,1250564.00,1223900,26664,404.00,422.00,826.00,422,404,0.00,0.00,0,0
1535266105,s2-eth1,1223900.00,26664.00,1250564.00,26664,1223900,422.00,404.00,826.00,404,422,0.00,0.00,0,0
1535266105,lo,516.00,516.00,1032.00,516,516,9.00,9.00,18.00,9,9,0.00,0.00,0,0
1535266105,s3-eth2,26664.00,1223900.00,1250564.00,1223900,26664,404.00,422.00,826.00,422,404,0.00,0.00,0,0
1535266105,s1-eth1,1223900.00,26664.00,1250564.00,26664,1223900,422.00,404.00,826.00,404,422,0.00,0.00,0,0
1535266105,s2-eth2,26664.00,1223900.00,1250564.00,1223900,26664,404.00,422.00,826.00,422,404,0.00,0.00,0,0
1535266105,eth1,0.00,0.00,0.00,0,0,0.00,0.00,0.00,0,0,0.00,0.00,0,0
1535266105,eth0,0.00,0.00,0.00,0,0,0.00,0.00,0.00,0,0,0.00,0.00,0,0
1535266105,total,3752208.00,3752208.00,7504416.00,3752208,3752208,2487.00,2487.00,4974.00,2487,2487,0.00,0.00,0,0
1535266106,s3-eth1,1222452.00,26664.00,1249116.00,26664,1222452,422.00,404.00,826.00,404,422,0.00,0.00,0,0
1535266106,s1-eth2,26598.00,1222452.00,1249050.00,1222452,26598,403.00,422.00,825.00,422,403,0.00,0.00,0,0
1535266106,s2-eth1,1222452.00,26598.00,1249050.00,26598,1222452,422.00,403.00,825.00,403,422,0.00,0.00,0,0
1535266106,lo,0.00,0.00,0.00,0,0,0.00,0.00,0.00,0,0,0.00,0.00,0,0
1535266106,s3-eth2,26598.00,1222452.00,1249050.00,1222452,26598,403.00,422.00,825.00,422,403,0.00,0.00,0,0
1535266106,s1-eth1,1222452.00,26664.00,1249116.00,26664,1222452,422.00,404.00,826.00,404,422,0.00,0.00,0,0
1535266106,s2-eth2,26664.00,1222452.00,1249116.00,1222452,26664,404.00,422.00,826.00,422,404,0.00,0.00,0,0
1535266106,eth1,0.00,0.00,0.00,0,0,0.00,0.00,0.00,0,0,0.00,0.00,0,0
1535266106,eth0,0.00,0.00,0.00,0,0,0.00,0.00,0.00,0,0,0.00,0.00,0,0
1535266106,total,3747216.00,3747282.00,7494498.00,3747282,3747216,2476.00,2477.00,4953.00,2477,2476,0.00,0.00,0,0
1535266107,s3-eth1,1220938.00,26532.00,1247470.00,26532,1220938,421.00,402.00,823.00,402,421,0.00,0.00,0,0
1535266107,s1-eth2,26598.00,1220938.00,1247536.00,1220938,26598,403.00,421.00,824.00,421,403,0.00,0.00,0,0
1535266107,s2-eth1,1220938.00,26598.00,1247536.00,26598,1220938,421.00,403.00,824.00,403,421,0.00,0.00,0,0
1535266107,lo,0.00,0.00,0.00,0,0,0.00,0.00,0.00,0,0,0.00,0.00,0,0
1535266107,s3-eth2,26598.00,1220938.00,1247536.00,1220938,26598,403.00,421.00,824.00,421,403,0.00,0.00,0,0
1535266107,s1-eth1,1220938.00,26532.00,1247470.00,26532,1220938,421.00,402.00,823.00,402,421,0.00,0.00,0,0
1535266107,s2-eth2,26532.00,1220938.00,1247470.00,1220938,26532,402.00,421.00,823.00,421,402,0.00,0.00,0,0
1535266107,eth1,0.00,0.00,0.00,0,0,0.00,0.00,0.00,0,0,0.00,0.00,0,0
1535266107,eth0,0.00,0.00,0.00,0,0,0.00,0.00,0.00,0,0,0.00,0.00,0,0
1535266107,total,3742542.00,3742476.00,7485018.00,3742476,3742542,2471.00,2470.00,4941.00,2470,2471,0.00,0.00,0,0
1535266108,s3-eth1,1219296.00,25674.00,1244970.00,25674,1219296,440.00,389.00,829.00,389,440,0.00,0.00,0,0
1535266108,s1-eth2,25674.00,1219296.00,1244970.00,1219296,25674,389.00,440.00,829.00,440,389,0.00,0.00,0,0
1535266108,s2-eth1,1219296.00,25674.00,1244970.00,25674,1219296,440.00,389.00,829.00,389,440,0.00,0.00,0,0
1535266108,lo,0.00,0.00,0.00,0,0,0.00,0.00,0.00,0,0,0.00,0.00,0,0
1535266108,s3-eth2,25674.00,1219296.00,1244970.00,1219296,25674,389.00,440.00,829.00,440,389,0.00,0.00,0,0
1535266108,s1-eth1,1222258.00,25674.00,1247932.00,25674,1222258,441.00,389.00,830.00,389,441,0.00,0.00,0,0
1535266108,s2-eth2,25674.00,1219296.00,1244970.00,1219296,25674,389.00,440.00,829.00,440,389,0.00,0.00,0,0
1535266108,eth1,0.00,0.00,0.00,0,0,0.00,0.00,0.00,0,0,0.00,0.00,0,0
1535266108,eth0,0.00,0.00,0.00,0,0,0.00,0.00,0.00,0,0,0.00,0.00,0,0
1535266108,total,3737872.00,3734910.00,7472782.00,3734910,3737872,2488.00,2487.00,4975.00,2487,2488,0.00,0.00,0,0
1535266109,s3-eth1,1223900.00,26664.00,1250564.00,26664,1223900,422.00,404.00,826.00,404,422,0.00,0.00,0,0
1535266109,s1-eth2,26664.00,1223900.00,1250564.00,1223900,26664,404.00,422.00,826.00,422,404,0.00,0.00,0,0
1535266109,s2-eth1,1223900.00,26664.00,1250564.00,26664,1223900,422.00,404.00,826.00,404,422,0.00,0.00,0,0
1535266109,lo,0.00,0.00,0.00,0,0,0.00,0.00,0.00,0,0,0.00,0.00,0,0
1535266109,s3-eth2,26664.00,1223900.00,1250564.00,1223900,26664,404.00,422.00,826.00,422,404,0.00,0.00,0,0
1535266109,s1-eth1,1223900.00,26664.00,1250564.00,26664,1223900,422.00,404.00,826.00,404,422,0.00,0.00,0,0
1535266109,s2-eth2,26664.00,1223900.00,1250564.00,1223900,26664,404.00,422.00,826.00,422,404,0.00,0.00,0,0
1535266109,eth1,0.00,0.00,0.00,0,0,0.00,0.00,0.00,0,0,0.00,0.00,0,0
1535266109,eth0,0.00,0.00,0.00,0,0,0.00,0.00,0.00,0,0,0.00,0.00,0,0
1535266109,total,3751692.00,3751692.00,7503384.00,3751692,3751692,2478.00,2478.00,4956.00,2478,2478,0.00,0.00,0,0
1535266110,s3-eth1,1225414.00,26664.00,1252078.00,26664,1225414,423.00,404.00,827.00,404,423,0.00,0.00,0,0
1535266110,s1-eth2,26598.00,1225414.00,1252012.00,1225414,26598,403.00,423.00,826.00,423,403,0.00,0.00,0,0
1535266110,s2-eth1,1225414.00,26598.00,1252012.00,26598,1225414,423.00,403.00,826.00,403,423,0.00,0.00,0,0
1535266110,lo,516.00,516.00,1032.00,516,516,9.00,9.00,18.00,9,9,0.00,0.00,0,0
1535266110,s3-eth2,26598.00,1225414.00,1252012.00,1225414,26598,403.00,423.00,826.00,423,403,0.00,0.00,0,0
1535266110,s1-eth1,1222452.00,26664.00,1249116.00,26664,1222452,422.00,404.00,826.00,404,422,0.00,0.00,0,0
1535266110,s2-eth2,26664.00,1225414.00,1252078.00,1225414,26664,404.00,423.00,827.00,423,404,0.00,0.00,0,0
1535266110,eth1,0.00,0.00,0.00,0,0,0.00,0.00,0.00,0,0,0.00,0.00,0,0
1535266110,eth0,0.00,0.00,0.00,0,0,0.00,0.00,0.00,0,0,0.00,0.00,0,0
1535266110,total,3753656.00,3756684.00,7510340.00,3756684,3753656,2487.00,2489.00,4976.00,2489,2487,0.00,0.00,0,0
1535266111,s3-eth1,1223900.00,26598.00,1250498.00,26598,1223900,422.00,403.00,825.00,403,422,0.00,0.00,0,0
1535266111,s1-eth2,26664.00,1223900.00,1250564.00,1223900,26664,404.00,422.00,826.00,422,404,0.00,0.00,0,0
1535266111,s2-eth1,1223900.00,26664.00,1250564.00,26664,1223900,422.00,404.00,826.00,404,422,0.00,0.00,0,0
1535266111,lo,0.00,0.00,0.00,0,0,0.00,0.00,0.00,0,0,0.00,0.00,0,0
1535266111,s3-eth2,26664.00,1223900.00,1250564.00,1223900,26664,404.00,422.00,826.00,422,404,0.00,0.00,0,0
1535266111,s1-eth1,1223900.00,26598.00,1250498.00,26598,1223900,422.00,403.00,825.00,403,422,0.00,0.00,0,0
1535266111,s2-eth2,26598.00,1223900.00,1250498.00,1223900,26598,403.00,422.00,825.00,422,403,0.00,0.00,0,0
1535266111,eth1,0.00,0.00,0.00,0,0,0.00,0.00,0.00,0,0,0.00,0.00,0,0
1535266111,eth0,0.00,0.00,0.00,0,0,0.00,0.00,0.00,0,0,0.00,0.00,0,0
1535266111,total,3751626.00,3751560.00,7503186.00,3751560,3751626,2477.00,2476.00,4953.00,2476,2477,0.00,0.00,0,0
1535266112,s3-eth1,1222452.00,26730.00,1249182.00,26730,1222452,422.00,405.00,827.00,405,422,0.00,0.00,0,0
1535266112,s1-eth2,26664.00,1223900.00,1250564.00,1223900,26664,404.00,422.00,826.00,422,404,0.00,0.00,0,0
1535266112,s2-eth1,1223900.00,26664.00,1250564.00,26664,1223900,422.00,404.00,826.00,404,422,0.00,0.00,0,0
1535266112,lo,0.00,0.00,0.00,0,0,0.00,0.00,0.00,0,0,0.00,0.00,0,0
1535266112,s3-eth2,26664.00,1222452.00,1249116.00,1222452,26664,404.00,422.00,826.00,422,404,0.00,0.00,0,0
1535266112,s1-eth1,1223900.00,26664.00,1250564.00,26664,1223900,422.00,404.00,826.00,404,422,0.00,0.00,0,0
1535266112,s2-eth2,26730.00,1222452.00,1249182.00,1222452,26730,405.00,422.00,827.00,422,405,0.00,0.00,0,0
1535266112,eth1,0.00,0.00,0.00,0,0,0.00,0.00,0.00,0,0,0.00,0.00,0,0
1535266112,eth0,0.00,0.00,0.00,0,0,0.00,0.00,0.00,0,0,0.00,0.00,0,0
1535266112,total,3750310.00,3748862.00,7499172.00,3748862,3750310,2479.00,2479.00,4958.00,2479,2479,0.00,0.00,0,0
1535266113,s3-eth1,1223900.00,26598.00,1250498.00,26598,1223900,422.00,403.00,825.00,403,422,0.00,0.00,0,0
1535266113,s1-eth2,26664.00,1222452.00,1249116.00,1222452,26664,404.00,422.00,826.00,422,404,0.00,0.00,0,0
1535266113,s2-eth1,1222452.00,26664.00,1249116.00,26664,1222452,422.00,404.00,826.00,404,422,0.00,0.00,0,0
1535266113,lo,0.00,0.00,0.00,0,0,0.00,0.00,0.00,0,0,0.00,0.00,0,0
1535266113,s3-eth2,26664.00,1223900.00,1250564.00,1223900,26664,404.00,422.00,826.00,422,404,0.00,0.00,0,0
1535266113,s1-eth1,1222452.00,26664.00,1249116.00,26664,1222452,422.00,404.00,826.00,404,422,0.00,0.00,0,0
1535266113,s2-eth2,26598.00,1223900.00,1250498.00,1223900,26598,403.00,422.00,825.00,422,403,0.00,0.00,0,0
1535266113,eth1,0.00,0.00,0.00,0,0,0.00,0.00,0.00,0,0,0.00,0.00,0,0
1535266113,eth0,0.00,0.00,0.00,0,0,0.00,0.00,0.00,0,0,0.00,0.00,0,0
1535266113,total,3748730.00,3750178.00,7498908.00,3750178,3748730,2477.00,2477.00,4954.00,2477,2477,0.00,0.00,0,0
1535266114,s3-eth1,1224098.00,26598.00,1250696.00,26598,1224098,425.00,403.00,828.00,403,425,0.00,0.00,0,0
1535266114,s1-eth2,26532.00,1225546.00,1252078.00,1225546,26532,402.00,425.00,827.00,425,402,0.00,0.00,0,0
1535266114,s2-eth1,1225546.00,26532.00,1252078.00,26532,1225546,425.00,402.00,827.00,402,425,0.00,0.00,0,0
1535266114,lo,0.00,0.00,0.00,0,0,0.00,0.00,0.00,0,0,0.00,0.00,0,0
1535266114,s3-eth2,26532.00,1224098.00,1250630.00,1224098,26532,402.00,425.00,827.00,425,402,0.00,0.00,0,0
1535266114,s1-eth1,1225546.00,26532.00,1252078.00,26532,1225546,425.00,402.00,827.00,402,425,0.00,0.00,0,0
1535266114,s2-eth2,26598.00,1224098.00,1250696.00,1224098,26598,403.00,425.00,828.00,425,403,0.00,0.00,0,0
1535266114,eth1,0.00,0.00,0.00,0,0,0.00,0.00,0.00,0,0,0.00,0.00,0,0
1535266114,eth0,0.00,0.00,0.00,0,0,0.00,0.00,0.00,0,0,0.00,0.00,0,0
1535266114,total,3754852.00,3753404.00,7508256.00,3753404,3754852,2482.00,2482.00,4964.00,2482,2482,0.00,0.00,0,0
1535266115,s3-eth1,1226338.00,25806.00,1252144.00,25806,1226338,437.00,391.00,828.00,391,437,0.00,0.00,0,0
1535266115,s1-eth2,25872.00,1221928.00,1247800.00,1221928,25872,392.00,436.00,828.00,436,392,0.00,0.00,0,0
1535266115,s2-eth1,1221928.00,25872.00,1247800.00,25872,1221928,436.00,392.00,828.00,392,436,0.00,0.00,0,0
1535266115,lo,516.00,516.00,1032.00,516,516,9.00,9.00,18.00,9,9,0.00,0.00,0,0
1535266115,s3-eth2,25872.00,1226338.00,1252210.00,1226338,25872,392.00,437.00,829.00,437,392,0.00,0.00,0,0
1535266115,s1-eth1,1223376.00,25872.00,1249248.00,25872,1223376,436.00,392.00,828.00,392,436,0.00,0.00,0,0
1535266115,s2-eth2,25806.00,1226338.00,1252144.00,1226338,25806,391.00,437.00,828.00,437,391,0.00,0.00,0,0
1535266115,eth1,0.00,0.00,0.00,0,0,0.00,0.00,0.00,0,0,0.00,0.00,0,0
1535266115,eth0,0.00,0.00,0.00,0,0,0.00,0.00,0.00,0,0,0.00,0.00,0,0
1535266115,total,3749708.00,3752670.00,7502378.00,3752670,3749708,2493.00,2494.00,4987.00,2494,2493,0.00,0.00,0,0
1535266116,s3-eth1,1215014.00,26466.00,1241480.00,26466,1215014,419.00,401.00,820.00,401,419,0.00,0.00,0,0
1535266116,s1-eth2,26466.00,1217976.00,1244442.00,1217976,26466,401.00,420.00,821.00,420,401,0.00,0.00,0,0
1535266116,s2-eth1,1217976.00,26466.00,1244442.00,26466,1217976,420.00,401.00,821.00,401,420,0.00,0.00,0,0
1535266116,lo,0.00,0.00,0.00,0,0,0.00,0.00,0.00,0,0,0.00,0.00,0,0
1535266116,s3-eth2,26466.00,1217976.00,1244442.00,1217976,26466,401.00,420.00,821.00,420,401,0.00,0.00,0,0
1535266116,s1-eth1,1219490.00,26466.00,1245956.00,26466,1219490,421.00,401.00,822.00,401,421,0.00,0.00,0,0
1535266116,s2-eth2,26466.00,1215014.00,1241480.00,1215014,26466,401.00,419.00,820.00,419,401,0.00,0.00,0,0
1535266116,eth1,342.00,590.00,932.00,590,342,1.00,1.00,2.00,1,1,0.00,0.00,0,0
1535266116,eth0,0.00,0.00,0.00,0,0,0.00,0.00,0.00,0,0,0.00,0.00,0,0
1535266116,total,3732220.00,3730954.00,7463174.00,3730954,3732220,2464.00,2463.00,4927.00,2463,2464,0.00,0.00,0,0
1535266117,s3-eth1,1223900.00,26664.00,1250564.00,26664,1223900,422.00,404.00,826.00,404,422,0.00,0.00,0,0
1535266117,s1-eth2,26664.00,1223900.00,1250564.00,1223900,26664,404.00,422.00,826.00,422,404,0.00,0.00,0,0
1535266117,s2-eth1,1223900.00,26664.00,1250564.00,26664,1223900,422.00,404.00,826.00,404,422,0.00,0.00,0,0
1535266117,lo,0.00,0.00,0.00,0,0,0.00,0.00,0.00,0,0,0.00,0.00,0,0
1535266117,s3-eth2,26664.00,1223900.00,1250564.00,1223900,26664,404.00,422.00,826.00,422,404,0.00,0.00,0,0
1535266117,s1-eth1,1223900.00,26664.00,1250564.00,26664,1223900,422.00,404.00,826.00,404,422,0.00,0.00,0,0
1535266117,s2-eth2,26664.00,1223900.00,1250564.00,1223900,26664,404.00,422.00,826.00,422,404,0.00,0.00,0,0
1535266117,eth1,0.00,0.00,0.00,0,0,0.00,0.00,0.00,0,0,0.00,0.00,0,0
1535266117,eth0,0.00,0.00,0.00,0,0,0.00,0.00,0.00,0,0,0.00,0.00,0,0
1535266117,total,3751692.00,3751692.00,7503384.00,3751692,3751692,2478.00,2478.00,4956.00,2478,2478,0.00,0.00,0,0
1535266118,s3-eth1,1220938.00,26532.00,1247470.00,26532,1220938,421.00,402.00,823.00,402,421,0.00,0.00,0,0
1535266118,s1-eth2,26532.00,1220938.00,1247470.00,1220938,26532,402.00,421.00,823.00,421,402,0.00,0.00,0,0
1535266118,s2-eth1,1220938.00,26532.00,1247470.00,26532,1220938,421.00,402.00,823.00,402,421,0.00,0.00,0,0
1535266118,lo,0.00,0.00,0.00,0,0,0.00,0.00,0.00,0,0,0.00,0.00,0,0
1535266118,s3-eth2,26532.00,1219490.00,1246022.00,1219490,26532,402.00,421.00,823.00,421,402,0.00,0.00,0,0
1535266118,s1-eth1,1217976.00,26598.00,1244574.00,26598,1217976,420.00,403.00,823.00,403,420,0.00,0.00,0,0
1535266118,s2-eth2,26532.00,1220938.00,1247470.00,1220938,26532,402.00,421.00,823.00,421,402,0.00,0.00,0,0
1535266118,eth1,0.00,0.00,0.00,0,0,0.00,0.00,0.00,0,0,0.00,0.00,0,0
1535266118,eth0,0.00,0.00,0.00,0,0,0.00,0.00,0.00,0,0,0.00,0.00,0,0
1535266118,total,3739448.00,3741028.00,7480476.00,3741028,3739448,2468.00,2470.00,4938.00,2470,2468,0.00,0.00,0,0
1535266119,s3-eth1,1222452.00,26664.00,1249116.00,26664,1222452,422.00,404.00,826.00,404,422,0.00,0.00,0,0
1535266119,s1-eth2,26598.00,1222452.00,1249050.00,1222452,26598,403.00,422.00,825.00,422,403,0.00,0.00,0,0
1535266119,s2-eth1,1222452.00,26598.00,1249050.00,26598,1222452,422.00,403.00,825.00,403,422,0.00,0.00,0,0
1535266119,lo,0.00,0.00,0.00,0,0,0.00,0.00,0.00,0,0,0.00,0.00,0,0
1535266119,s3-eth2,26598.00,1223900.00,1250498.00,1223900,26598,403.00,422.00,825.00,422,403,0.00,0.00,0,0
1535266119,s1-eth1,1222452.00,26598.00,1249050.00,26598,1222452,422.00,403.00,825.00,403,422,0.00,0.00,0,0
1535266119,s2-eth2,26664.00,1222452.00,1249116.00,1222452,26664,404.00,422.00,826.00,422,404,0.00,0.00,0,0
1535266119,eth1,0.00,0.00,0.00,0,0,0.00,0.00,0.00,0,0,0.00,0.00,0,0
1535266119,eth0,0.00,0.00,0.00,0,0,0.00,0.00,0.00,0,0,0.00,0.00,0,0
1535266119,total,3747216.00,3748664.00,7495880.00,3748664,3747216,2476.00,2476.00,4952.00,2476,2476,0.00,0.00,0,0
1535266120,s3-eth1,136167.83,3230.77,139398.61,3234,136304,47.95,48.95,96.90,49,48,0.00,0.00,0,0
1535266120,s1-eth2,3230.77,139126.88,142357.64,139266,3234,48.95,48.95,97.90,49,49,0.00,0.00,0,0
1535266120,s2-eth1,139126.88,3230.77,142357.64,3234,139266,48.95,48.95,97.90,49,49,0.00,0.00,0,0
1535266120,lo,515.48,515.48,1030.97,516,516,8.99,8.99,17.98,9,9,0.00,0.00,0,0
1535266120,s3-eth2,3296.70,130249.75,133546.45,130380,3300,49.95,45.95,95.90,46,50,0.00,0.00,0,0
1535266120,s1-eth1,142085.92,3164.84,145250.75,3168,142228,49.95,47.95,97.90,48,50,0.00,0.00,0,0
1535266120,s2-eth2,3230.77,136167.83,139398.61,136304,3234,48.95,47.95,96.90,48,49,0.00,0.00,0,0
1535266120,eth1,0.00,0.00,0.00,0,0,0.00,0.00,0.00,0,0,0.00,0.00,0,0
1535266120,eth0,0.00,0.00,0.00,0,0,0.00,0.00,0.00,0,0,0.00,0.00,0,0
1535266120,total,427654.34,415686.31,843340.69,416102,428082,303.70,297.70,601.40,298,304,0.00,0.00,0,0
1535266121,s3-eth1,0.00,0.00,0.00,0,0,0.00,0.00,0.00,0,0,0.00,0.00,0,0
1535266121,s1-eth2,0.00,0.00,0.00,0,0,0.00,0.00,0.00,0,0,0.00,0.00,0,0
1535266121,s2-eth1,0.00,0.00,0.00,0,0,0.00,0.00,0.00,0,0,0.00,0.00,0,0
1535266121,lo,0.00,0.00,0.00,0,0,0.00,0.00,0.00,0,0,0.00,0.00,0,0
1535266121,s3-eth2,0.00,0.00,0.00,0,0,0.00,0.00,0.00,0,0,0.00,0.00,0,0
1535266121,s1-eth1,0.00,0.00,0.00,0,0,0.00,0.00,0.00,0,0,0.00,0.00,0,0
1535266121,s2-eth2,0.00,0.00,0.00,0,0,0.00,0.00,0.00,0,0,0.00,0.00,0,0
1535266121,eth1,60.00,60.00,120.00,60,60,1.00,1.00,2.00,1,1,0.00,0.00,0,0
1535266121,eth0,0.00,0.00,0.00,0,0,0.00,0.00,0.00,0,0,0.00,0.00,0,0
1535266121,total,60.00,60.00,120.00,60,60,1.00,1.00,2.00,1,1,0.00,0.00,0,0
1535266122,s3-eth1,42.00,42.00,84.00,42,42,1.00,1.00,2.00,1,1,0.00,0.00,0,0
1535266122,s1-eth2,42.00,42.00,84.00,42,42,1.00,1.00,2.00,1,1,0.00,0.00,0,0
1535266122,s2-eth1,42.00,42.00,84.00,42,42,1.00,1.00,2.00,1,1,0.00,0.00,0,0
1535266122,lo,0.00,0.00,0.00,0,0,0.00,0.00,0.00,0,0,0.00,0.00,0,0
1535266122,s3-eth2,42.00,42.00,84.00,42,42,1.00,1.00,2.00,1,1,0.00,0.00,0,0
1535266122,s1-eth1,42.00,42.00,84.00,42,42,1.00,1.00,2.00,1,1,0.00,0.00,0,0
1535266122,s2-eth2,42.00,42.00,84.